abarim 605514 635584 666445 666728 666798 824011 2780448 3120930
abda 1322529 1917654
abdeel 2852183
abdi 1584332 1785608 1868218
abiah 1582807
abiasaph 225550
abida 86292 1561385
abidan 504071 511413 540382 541008 554760
abiel 1079957 1109735 1295622 1609561
abiezrite 956716
abiezrites 958987 971980
abihail 516920 1566405 1578341 1719693 1938337 1962211
abijam 1386081 1386194 1386851 1386973 1387008
abimael 32409 1560639
abinadab 1074243 1116954 1121318 1185502 1208801 1208865 1323054 1564669 1596144 1602254 1603077 1617431
abiram 580767 582437 584115 584172 584481 584504 626598 626636 729820 1396674 2264823
abishai 1167805 1167902 1167963 1168163 1168378 1193668 1194575 1200707 1223317 1223915 1255303 1255658 1262994 1263697 1264999 1272449 1277483 1277724 1278495 1284443 1294092 1564891 1608082 1638708 1639304
abishalom 1386326 1387341
abishua 1580869 1580890 1584997 1593940 1850556
abishur 1566352 1566386
abital 1196496 1569452
abitub 1594546
abiud 3408327 3408338
abronah 665344 665385
acco 937272
achaicus 4144541
achbor 141279 1540707 1541168 1562947 2801960 2849842
achim 3408422 3408433
achshaph 874526 880705 906559
achzib 893060 907027 937301 3315269
adadah 891815
adaiah 1538961 1584097 1595201 1598337 1758363 1868481 1869113 1915915 1916784
adamah 907784
adami 907444
adbeel 87339 1560999
addan 1833488
addar 668693 888823 895370 902181 1593892
addon 1896939
adithaim 892576
admatha 1933475
adoni 867185 867604 933226 933325 933454
adonikam 1829948 1856076 1893591
adoraim 1718409
adoram 1280824
adramyttium 4019105
adummim 889445 902979
aenon 3790419
agagite 1940126 1942081 1953998 1954382 1960983
agur 2425889
aharah 1593800
aharhel 1572180
ahasbai 1295842
ahava 1856318 1857425 1859207
ahban 1566426
ahiah 1912007
ahiam 1295771 1609732
ahian 1591309
ahihud 671207 1594192
ahijah 1101077 1103776 1322104 1367174 1367228 1367332 1371908 1381009 1381324 1381336 1381421 1381608 1384013 1390025 1390581 1391030 1423232 1473907 1566075 1594137 1609829 1714175 1716822
ahikam 1540675 1541157 1557464 1814151 2802231 2865022 2866808 2867126 2867379 2867825 2868566 2869111 2869506 2869794 2869976 2870808 2871722 2872828 2873251 2878593
ahilud 1219051 1280892 1322170 1323157 1636254
ahiman 566284 890790 934112 1599153
ahimoth 1582597
ahinadab 1323545
ahinoam 1109545 1166711 1172096 1181104 1191379 1196213 1569221
ahio 1208847 1208958 1595854 1601974 1617454
ahiram 630308
ahiramites 630334
ahisamach 332453 352924 363778
ahishahar 1590290
ahitub 1101096 1148814 1149019 1149174 1150793 1219152 1581117 1581137 1581482 1581503 1585114 1598285 1636321 1850396 1916651
ahlab 937291
ahlai 1566635 1610192
ahoah 1593963
ahohite 1292301 1295393 1606716 1609341 1665685
ahumai 1571512
ahuzzam 1571961
ahzai 1917032
aiah 139895 1196848 1282598 1283008 1283323 1562025
aiath 2512138
aija 1919365
aijalon 869481 908290 914460 937904 993029 1106079 1587371 1594777 1718464 1782116
aijeleth 2103352
akkub 1571299 1599132 1831941 1832272 1895476 1900386 1917836 1921719
akrabbim 668587 888740 938075
alammelech 906582
alemeth 1585950 1589984 1594106 1596404 1602507
aliah 1563261
alian 1561955
allon 134597 1575643
almodad 32298 1560530
aloth 1323719
alphaeus 3442890 3550313 3554598 3663074 3891553
alush 663595 663634
amad 906597
amalekites 42788 567330 571851 574390 574762 935055 955439 960604 964002 993428 1109275 1110754 1110923 1110975 1111078 1112157 1112722 1113073 1114973 1172822 1180524 1183357 1187352 1218428 1576613
amam 891985
amariah 1581078 1581091 1581443 1581456 1585097 1652128 1656491 1745116 1798587 1850423 1869223 1911021 1915740 1919798 1920684 3346833
amasai 1582586 1583591 1612816 1623787 1785504
amashsai 1916992
amasiah 1737108
ammah 1194653
ammiel 565151 1219892 1220013 1262428 1569741 1661090
ammihud 503992 511116 539031 539659 554588 670592 671320 1241633 1592213 1597436
amminadab 225402 503813 509561 534941 535575 553654 1050298 1050322 1564365 1564380 1582361 1621640 1621830 3407312 3407338 3649337
ammizabad 1666019
ammoni 903718
amnon 1196199 1235454 1235615 1235657 1235901 1236253 1236333 1236554 1236630 1236844 1236923 1237095 1237736 1238516 1238816 1238929 1239628 1239773 1239955 1240029 1240168 1240768 1240997 1241862 1569211 1573815
amorites 42810 196061 567402 605797 605866 606749 607438 607505 608071 608307 608406 608763 609118 660964 661597 679634 679976 682025 682162 683237 685629 691755 692504 692648 703588 703811 712713 812655 835376 844345 853107 863059 864283 867944 868385 869311 874767 878480 879890 881688 882544 883867 928091 928611 928843 929498 930023 937780 937857 942742 956525 982780 983238 987360 987783 987866 988044 1076651 1281422 1323915 1356723 1423820 1536597 1707390 1860694 2314845 2317483 2530194
amoz 1525328 1528228 1531483 1776990 1803592 1805783 2477718 2482510 2516718 2537106 2588421 2591362 2594617
amphipolis 3970205
ampliatus 4084857
amramites 515920 1663272
amraphel 41908 43127
amzi 1584449 1916844
anab 877761 893601
anah 137286 138716 139367 139561 139904 139920 140086 140395 1561811 1562034 1562061
anaharath 906024
anaiah 1899775 1911874
anamim 31015 1559754
anani 1571333
ananiah 1879110 1919438
anath 907904 937553 937675 946615 951396
anathoth 913853 1313778 1585982 1589971 1830517 1894132 1911755 1919423 2512443 2688866 2739339 2739763 2814237 2827792 2828036 2828259
anathothijah 1595368
anathothite 1295334 1609284 1611151 1666809
aner 43793 45332 1587483
aniam 1591341
anoth 894151
antipatris 4005748
anub 1572142
apharsachites 1843576 1846786
apharsathchites 1839919
apharsites 1839956
aphek 880553 881654 907059 1064254 1178231 1416201 1416997 1495780
aphekah 893797
aphiah 1080014
aphik 937323
aphrah 3314638
appaim 1566492 1566565
apphia 4293764
appii 4027093
arabah 679223 680016 687082 693894 703998 704069 733547 840413 874607 877031 878432 878726 878794 879795 889239 894343 903095 903132 903623 1195420 1203600 1501290 1554466 2577515 2863385 2894320 2897345 2928014 3160963 3294056 3394756
arah 1593491 1829393 1891218 1893026
araloth 844875
aramaeans 1217373 1217491 1217566 1222581 1222945 1223214 1223384 1223758 1223868 1224048 1224160 1224423 1224522 1224910 1415072 1415318 1416167 1416466 1416571 1426048 1429943 1452484 1458513 1459847 1460916 1463867 1464904 1465227 1465902 1466055 1466221 1472138 1474896 1493681 1495767 1634678 1634789 1634858 1638606 1638775 1639147 1639257 1639407 1639477 1639806 1639858 1640198 1739307 1743253 1766479 2845635 3300616
aramzobah 2173141
araunah 1299358 1299747 1299861 1299932 1300020 1300244 1300538 1300636
arbathite 1295632 1609571
arbel 3258377
archevites 1839972
archippus 4244465 4293791
archite 1252924 1256364 1258144 1295952 1669679
archites 894964
ardites 630525
ardon 1565161
areli 185345 627683
arelites 627708
aretas 4176588
argob 692075 693292 693461 1323460
aridai 1958424
arim 1830634
arioch 41934 43157 3175416 3175555 3175625 3176937 3177183
arisai 1958416
aristobulus 4085101
armoni 1282520
arnan 1570970
arod 627646
arodi 185335
arodites 627670
aroer 661130 691057 693085 703893 878529 882360 883349 884532 988518 989643 1297091 1484999 1577614 2894307 2896208
aroerite 1610434
arpachshad 31913 32020 34322 34409 34507 34622 1560188 1560268 1560749
arpad 1524395 1527126 2508980 2587490 2590256 2904804
arphaxad 3649657
arrowsnake 2582108
artaxerxes 1839522 1839609 1839779 1840250 1848665 1850242 1851045 1851517 1851665 1853115 1854935 1871671 1887057 1926675
arubboth 1322963
arumah 977225 978741
arvadite 31350 1560096
arza 1392764
asaiah 1540763 1541191 1575551 1582938 1597567 1621297 1621790 1814235
asarel 1573236
ashan 892982 904609 1185143 1575144 1585817
asharelah 1657681
ashbea 1574087
ashbel 185868 630267 1593777
ashbelites 630293
ashdodites 881460 1881679
ashhur 1571876
ashima 1516593
ashkelon 935282 1000861 1073347 1189991 2794777 2893149 2893452 3279087 3350370 3350952 3381158 3381300
ashkelonites 881476
ashnah 892433 893015
ashpenaz 3169910
ashtaroth 679697 864365 879001 882805 885252 914944 1587722
ashterathite 1610380
ashteroth 42502
ashvath 1593058
asiel 1575490
asnah 1832622
aspatha 1958353
asriel 629274 896544
asrielites 629300
asshurim 86196
assir 225528 1582395 1582462 1583726
assos 3987266 3987422
astartes 940129 943102 982244 1074609 1094175
asyncritus 4085486
atad 201758 201997
atarah 1566139
ataroth 656529 661118 894976 895362 895585 902173
atha 4145056
athach 1185156
athaiah 1915679
atharim 603904
athlai 1868414
atroth 661151 1568871
attai 1567043 1567070 1611932 1719895
attalia 3958614
aven 852113 902062 1097641 1104663 3244820 3246331 3256738 3257121 3278572
avith 141052 1562706
avva 1515347
avvim 689226 881538 903669
avvites 1516615
azaliah 1503170 1539217 1811804
azaniah 1911301
azarel 1611433 1659599 1667992 1869171 1917013 1923288
azaz 1577555
azaziah 1623451 1667789 1798055
azbuk 1877971
azekah 868942 869107 892540 1119474 1718433 1919195 2840729
azel 1596550 1596577 1596710 1602659 1602686 1602819
azgad 1829876 1855973 1893515 1911623
aziel 1623255
azmaveth 1295643 1596416 1602519 1609592 1611116 1668453 1830580 1894195 1922411
azmon 668709 668734 888885
aznoth 907538
azotus 3928804
azrikam 1571210 1596614 1598733 1602723 1779780 1917278
azubah 1431021 1565072 1565200 1751142
azzah 1592495
azzan 671138
azzur 1911697 2806736 2985368
baalah 889986 890068 890310 892141 1617169
baali 3240409
baalis 2868984
baana 1323139 1323680 1876090
baanah 1202437 1203064 1203334 1203947 1295457 1609404 1829172 1892804 1912053
baaseiah 1584009
baasha 1388090 1388144 1388709 1388994 1389205 1390006 1390277 1390908 1391011 1391313 1391566 1391725 1391919 1392045 1392208 1392540 1393108 1393232 1393371 1423213 1473888 1732582 1733054 1733314 1733488 2871355
bacuth 134603
bahurim 1198247 1254672 1260798 1271548 1295655 1310893 1609604
bakbakkar 1598800
bakbuk 1832704 1896160
bakbukiah 1917608 1920243 1921680
baladan 1533116 1533136 2597579 2597599
balah 904377
balancings 2056680
barachel 2042419 2042915
barachiah 3511398
bariah 1571114
barkos 1832868 1896324
barnea 657217 668654 679412 682085 687998 724397 874109 886750 886846 888788
barsabbas 3892881 3962233
bartimaeus 3596373
barzillai 1262452 1274126 1274261 1274459 1274545 1275514 1282701 1310687 1833836 1833890 1897279 1897333
basemath 94612 137340 137431 138274 138630 139200 1323623
bathshua 1563744
bavvai 1878346
baz 2501414 2501672
bazlith 1896242
bazluth 1832786
bbe 36
bealiah 1611348
bealoth 891899
bebai 1829814 1855876 1855905 1868378 1893453 1911630
becherites 629892
becorath 1079993
bedan 1591109
bedeiah 1868937
beeliada 1619123
beerah 1577289 1594312
beeri 94589 3236170
beeroth 726442 865501 903817 1202528 1202608 1830655 1894267
benaiah 1219215 1280725 1294394 1294852 1295555 1302157 1302562 1305043 1305929 1306533 1306872 1307949 1313640 1314496 1314574 1314705 1315540 1315704 1317363 1322204 1575585 1608350 1608856 1609503 1622995 1623321 1623812 1625607 1625738 1636421 1665815 1665929 1667089 1669762 1747616 1798149 1868137 1868576 1868928 1869321 2985400 2987051
benhail 1735803
beninu 1911522
benjamites 1021529 1030923 1080643 1148223 1666829
benoth 1516525
beon 656623
beor 140649 609591 619769 621665 650454 884088 928375 1562353 3325720 4374644
bera 42041
beracah 1611130
beraiah 1595212
berak 908426
berechiah 1570834 1583939 1598985 1622742 1623679 1780844 1876026 1880232 1891306 3362346 3363310
bered 49972 1591396
beriah 185417 185466 631087 631148 1591939 1592794 1592851 1594700 1594975 1651202 1651313
beriites 631113
beroea 3971636 3972100 3985942
berothah 3162447
berothai 1217808
berothite 1610018
besai 1832590 1896075
beseth 3078042
besodeiah 1876272
besor 1181854 1183793
beten 906549
bether 2466744
bethrapha 1572756
bethul 904417
betonim 884602
bezai 1830189 1893900 1911730
bezalel 332041 352497 353293 353526 357837 363612 1565333 1680558 1868606
bezek 933190 1090929
bezer 703145 910967 915858 1588516 1593337
bichri 1276602 1276848 1277510 1277860 1278535 1279069 1280221
bichrites 1279172
bidkar 1476811
bigthan 1939584
bigthana 1949135
bigvai 1829157 1830010 1856200 1892789 1893655 1911657
bileam 1587512
bilgah 1655703 1919923 1920936
bilgai 1911205
bilhan 140249 1562167 1590188 1590212
bilshan 1829140 1892769
bimhal 1593047
binea 1596506 1602609
binnui 1859776 1868618 1869058 1879199 1893391 1911310 1920128
birsha 42071
birzaith 1592901
bishlam 1839534
bithiah 1573340
bithron 1195466
biziothiah 892119
blastus 3947138
bochim 938159 938875
bohan 889270 903021
bozenai 1843029 1843548 1846758 1848259
bozez 1101485
bozkath 892776 1538971
brickworks 3337465
bukki 670725 1580916 1580927 1585023 1850530
bukkiah 1658061 1659243
bunah 1566047
buzi 2953642
buzite 2042432 2042928
cabbon 892810
cabul 906839 1355842
cainan 3649638 3649822
calcol 1325695 1564069
calneh 30754 3292002
calno 2508929
canneh 3065232
carians 1486071 1488802
carmites 626380
carshena 1933456
casiphia 1856706 1856800
casluhim 31077 1559830
cenchrea 3977858
cenchreae 4084039
chaldaea 2909300 2916153 2919860 2922064 2988861 3006916 3045584 3045688
chaldaean 1554491 1555318 1844571 2855177 2863410 2870197 2928039 2929051 3174899
chaldaeans 1550689 1554387 1555861 1557953 1558261 1558428 1825127 1966019 2519426 2614361 2628158 2628644 2632969 2633836 2774851 2775972 2781424 2790216 2793535 2827241 2827535 2830779 2831090 2831362 2831471 2834274 2845599 2854274 2854684 2854864 2854983 2855633 2855715 2857505 2860668 2860855 2861595 2863915 2867933 2868123 2873132 2877931 2907566 2908915 2912159 2913862 2915794 2916545 2924987 2927939 2929636 2953667 2991011 3045379 3046728 3170295 3173298 3173568 3173787 3174678 3183415 3188753 3195899 3196987 3200543 3215874 3339074 3916237
chaldees 36229 36621 46227 1904301
chebar 2953359 2953691 2961276 2962860 2984048 2984840 2985113 3140348
chedorlaomer 41959 42325 42429 43069 44367
chelal 1868568
chelub 1572632 1668679
chelubai 1564320
cheluhi 1868946
chenaanah 1425968 1428072 1590252 1739230 1741338
chenani 1903585
chenaniah 1623549 1624420 1664177
chephar 903710
chephirah 865487 903850 1830640 1894252
cheramim 989714
cheran 1562132
cherethites 1182622 1219258 1250464 1277746 1280778 1306910 1307987 1636464 3058099 3076153 3350544
cherith 1397173 1397372
chesalon 890135
chesed 73923
chesulloth 905964
chezib 147286
chidon 1617704
chileab 1196257
chimham 1275173 1275298 1275629 2873050
chinnereth 669443 693945 884839 907759
chinneroth 874623 878747 1388933
chislev 1869516 3374786
chislon 670656
chisloth 905314
chithlish 892834
chorazin 3450177 3693026
chuza 3675286
cleopas 3774269 3878845
conaniah 1797970 1798197 1818660
cosam 3648867
cozbi 625147 625447
cozeba 1574130
crescens 4286113
crispus 3976420 4089149
cumi 3566677
cushan 943211 943575 3344855
cushi 2850171 3346794
cuth 1516548
cuthah 1515336
dabbesheth 905208
dalmanutha 3580342
dalphon 1958344
dammim 1119490 1292369 1606801
danites 993657 1013177 1015118 1015889 1016989 1018320 1615301
dannah 893542
darkon 1833152 1896604
dathan 580756 582426 584103 584161 584469 584493 626587 626625 729809 2264803
dedanites 2539777
deker 1322865
delaiah 1571321 1655938 1833642 1889732 1897101 2849787 2851935
demas 4244167 4286023 4296121
derbe 3955932 3957927 3964635 3986029
deu 679112 679331 679420 679585 679718 679813 679903 680194 680379 680469 680572 680720 680858 680998 681079 681302 681538 681822 681896 682093 682209 682390 682595 682701 682807 682991 683071 683267 683520 683571 683714 683874 683940 684111 684188 684303 684506 684618 684778 684992 685084 685313 685467 685612 685801 685928 685989 686150 686183 686270 686473 686646 686733 686979 687183 687379 687489 687588 687829 687914 688133 688232 688306 688356 688426 688684 688848 689036 689209 689373 689596 689755 689880 689987 690096 690252 690444 690595 690690 690798 690951 691043 691241 691439 691588 691792 691969 692134 692264 692353 692438 692586 692666 692800 693029 693213 693404 693599 693637 693870 694013 694199 694352 694615 694807 694886 694948 695166 695296 695461 695638 695842 695902 696140 696284 696436 696518 696707 696918 697039 697147 697407 697671 697851 698008 698149 698342 698511 698645 698708 698804 699069 699203 699376 699516 699741 699863 700101 700360 700522 700676 700833 700994 701194 701477 701593 701868 701975 702148 702312 702465 702621 702844 702938 703108 703281 703353 703486 703706 703879 703977 704104 704296 704357 704475 704576 704749 704845 704891 705020 705301 705411 705600 705692 705731 706079 706321 706530 706581 706631 706677 706736 706926 707176 707339 707537 707708 707866 708034 708197 708381 708430 708666 708816 708998 709192 709408 709630 709688 709804 709880 710050 710125 710216 710439 710647 710779 710893 710971 711183 711255 711363 711587 711655 711807 711949 712070 712192 712394 712525 712840 713022 713158 713331 713505 713667 713831 714055 714250 714383 714478 714673 714998 715138 715310 715518 715644 715753 716004 716150 716250 716448 716568 716774 716998 717192 717410 717659 717951 718046 718168 718256 718419 718528 718701 718816 718970 719087 719218 719385 719574 719761 719863 720065 720259 720417 720602 720768 721026 721272 721556 721707 721904 722002 722229 722464 722580 722861 722946 723084 723235 723439 723526 723756 723931 724045 724259 724349 724573 724674 724845 725083 725228 725486 725614 725764 725907 726041 726240 726392 726585 726691 726888 727035 727222 727413 727627 727728 727842 728003 728077 728264 728431 728585 728725 728857 728998 729130 729374 729476 729700 729781 730028 730112 730253 730418 730599 730706 730847 731030 731192 731299 731428 731691 731827 731989 732076 732266 732430 732577 732765 732913 732970 733072 733280 733437 733599 733740 733844 734045 734240 734433 734474 734615 734927 735110 735226 735325 735576 735924 736158 736243 736409 736666 736766 737027 737362 737462 737680 737944 738048 738195 738280 738431 738577 738801 739028 739189 739396 739607 739726 739832 739978 740167 740319 740695 740966 741065 741177 741337 741525 741642 741760 741967 742129 742260 742482 742687 742859 743009 743167 743214 743306 743425 743573 743805 744006 744144 744255 744303 744392 744451 744502 744588 744650 744711 744797 744902 744946 745262 745353 745671 745878 746031 746257 746369 746504 746807 746894 747138 747268 747433 747561 747806 747991 748076 748377 748577 748773 748936 749024 749197 749348 749489 749664 749908 750121 750244 750403 750526 750624 750783 750946 751213 751407 751519 751735 751871 752026 752105 752237 752593 752722 752839 753087 753335 753593 753709 753895 754084 754229 754334 754422 754576 754759 754895 755067 755228 755381 755548 755813 755964 756083 756233 756435 756527 756750 756931 757132 757269 757445 757642 757871 758059 758175 758366 758493 758658 758800 758944 759056 759203 759410 759559 759713 759780 759949 760060 760314 760384 760551 760660 760848 760957 761234 761413 761530 761724 761865 762193 762467 762558 762739 762941 763105 763297 763444 763588 763778 763961 764054 764207 764373 764485 764600 764712 764964 765068 765245 765362 765617 765835 766027 766221 766322 766402 766553 766653 766772 766989 767085 767231 767397 767568 767797 767979 768150 768314 768495 768662 768911 769065 769155 769359 769492 769632 769736 769819 770060 770256 770428 770602 770785 770978 771085 771247 771419 771535 771778 771906 772105 772266 772402 772572 772800 772934 773075 773227 773300 773385 773494 773588 773763 773910 774047 774240 774323 774563 774642 774923 775110 775247 775539 775669 775840 775971 776147 776328 776431 776544 776695 776822 777001 777144 777204 777327 777423 777515 777673 777782 777858 777996 778246 778353 778460 778604 778852 778972 779207 779392 779449 779561 779710 779854 780048 780129 780305 780556 780729 780860 781072 781245 781344 781492 781558 781625 781859 782013 782229 782395 782554 782710 783022 783217 783410 783525 783686 783895 784005 784079 784355 784498 784765 784901 785131 785229 785366 785424 785498 785566 785700 785811 785881 786080 786330 786473 786717 786930 787051 787267 787343 787535 787665 787779 787963 788169 788466 788772 789006 789224 789377 789554 789708 789892 790029 790185 790424 790587 790702 790829 790930 791015 791173 791311 791361 791539 791654 791734 791922 792033 792145 792251 792425 792568 792675 792820 792927 793029 793148 793255 793461 793586 793663 793834 793902 793971 794150 794337 794508 794630 794864 795083 795284 795444 795645 795711 795777 795922 795996 796210 796343 796542 796636 796774 796989 797122 797243 797342 797550 797756 798020 798216 798406 798496 798666 798858 798969 799070 799204 799348 799473 799547 799690 799815 800034 800128 800286 800530 800696 800788 801052 801269 801463 801636 801805 802001 802226 802379 802570 802706 802849 803013 803255 803475 803662 803804 804000 804258 804460 804636 804709 804824 804972 805081 805221 805351 805462 805646 805813 805938 806101 806173 806292 806429 806559 806805 806998 807234 807410 807612 807840 807974 808145 808272 808391 808527 808704 808938 809122 809275 809429 809594 809766 809901 810016 810270 810484 810590 810726 810866 810963 811042 811348 811495 811707 811889 812139 812190 812365 812574 812712 812819 812972 813244 813383 813565 813698 813850 814090 814300 814511 814609 814890 815201 815335 815518 815811 816109 816197 816424 816526 816630 816754 816923 817125 817391 817498 817591 817734 817819 817962 818096 818255 818450 818654 818735 818895 819036 819105 819263 819451 819658 819768 819921 820028 820110 820273 820478 820649 820735 820924 821103 821216 821350 821425 821536 821713 821801 821942 822017 822086 822236 822397 822486 822631 822799 822870 823044 823213 823415 823527 823578 823742 823925 823973 824173 824377 824575 824701 824813 825018 825116 825182 825294 825375 825575 825759 825986 826184 826417 826589 826751 826855 826953 827162 827388 827489 827689 827859 828013 828091 828233 828376 828460 828588 828781 828921 829184 829374 829502 829607 829825 829932 830083 830219 830376 830574 830688 830832
diblaim 3236553
diblathaim 666623 666660 2896643
dibon 608166 656542 661108 666537 666567 882487 883527 1918797 2525317 2896038 2896611
diklah 32379 1560610
dimnah 915763
dimon 2526414
dimonah 891802
dinaites 1839902
dinhabah 140708 1562378
diphath 1559333
dishan 139595 140311 140429 1561840 1562206
dishon 139577 140092 140164 140411 1561820 1562067 1562091
dizahab 679309
dodai 1292291 1295173 1665675
dodanim 30189
dodavahu 1751857
dophkah 663519 663560
ebal 139823 733431 790539 791578 861664 862424 1560630 1561978
ebed 976312 976685 977152 977263 977778 1855404 2858439 2858630 2858990 2859139 2859388 2865252
eber 31821 32092 32112 34781 34820 34924 35031 622873 1560334 1560353 1560778 1578288 1594598 1595278 1921070 3649593
ebez 906072
ebiasaph 1582440 1583744 1599379 1660745
ebron 906859
eder 891760 1594916 1652514 1656970
edomites 138118 141810 938043 1218775 1362790 1365212 1470990 1508840 1550711 1635882 1635985 1753474 1770200 1781917 2173204
eduth 2173054 2216246
eglah 1196566 1569482
eglaim 2526365 3161383
eglath 2525893 2898394
ehi 185893
ekronites 881512
elamites 1840038
elasah 1867801 2810055
eldaah 86302 1561395
eldad 560479 560742
elead 1591536
eleadah 1591435
elealeh 656589 661345 2525687 2528065 2898317
eleasah 1567370 1567392 1596533 1602642
elhanan 1284914 1295153 1609133 1641252
eliab 503896 509881 536286 536909 553831 580787 582457 626538 626569 729840 1116642 1121295 1123491 1564642 1582677 1611852 1622985 1623298 1625597 1719718
eliada 1206959 1366209 1569859 1737259
eliahba 1295674 1609613
eliakim 1521363 1522756 1524812 1525193 1549859 1822897 1924217 2543053 2584633 2585975 2587914 2588286 3408348 3408361 3649105
eliam 1225539 1295866
eliasaph 504219 510545 515553 538333 538955 554308
eliashib 1571274 1655591 1864868 1867956 1868294 1868983 1875410 1878726 1878879 1920394 1920408 1921168 1921429 1926190 1926841 1930682
eliathah 1658129 1660271
eliehoenai 1660919 1855217
eliel 1580006 1583491 1595182 1595287 1610526 1610627 1611949 1621564 1621820 1798114
elienai 1595156
elihoreph 1322090
elika 1295227
elim 267186 267343 267430 663159 663172 663300 2526381
elimelech 1036633 1036840 1039900 1040322 1047310 1048584
elioenai 1571185 1571251 1575510 1589925 1867749 1868284 1924255
eliphal 1609770
eliphelehu 1623035 1623399
eliphelet 1206970 1295820 1569784 1569870 1596803 1619136 1856113 1868825
elishama 503971 511095 539010 539638 554567 1206946 1558129 1567544 1569771 1569846 1592230 1619110 1736076 2849763 2851132 2851288 2869710
elishaphat 1758375
elisheba 225376
elishua 1206903 1619036
eliud 3408443 3408463
elizaphan 516307 671022 1621470 1785755
elizur 503689 510216 536961 537586 554116
elmadam 3648885
elnaam 1610585
elnathan 1551755 1856512 1856531 1856621 2801939 2849821 2851922
eloi 3625277 3625283
elonbeth 1322914
elonites 628760
eloth 1357765 1709292 1773254
elpaal 1594557 1594590 1595095
elpelet 1619048
elteke 914405
eltekeh 908363
eltekon 894162
eltolad 892182 904405
eluzai 1611324
elymas 3948926
elzabad 1611998 1661352
elzaphan 225319 410178
emek 903592 906780
enaim 148680 149741
enan 504289 512071 542447 543070 555146 669200 669312
enosh 14526 15257 15313 15489 15591 15707 1559078
epaenetus 4084564
epaphras 4233537 4243804 4296016
epaphroditus 4226331 4232219
ephai 2867706
epher 86271 1561364 1573297 1579987
ephlal 1567175 1567187
ephraimites 991918 992315
ephrath 135529 135959 193572 193624 1565231 1565865
ephrathah 1049203 1568423 1571827 2311956 3322752
ephrathites 1036725
ephron 75065 75305 75355 75764 75947 76172 76284 86825 199847 199973 202373 889968 1726664
eranites 630017
erites 627625
esar 1531346 1838720 2594478
esek 92683
eshan 893747
eshbaal 1596157 1602267
eshban 140180 1562110
eshcol 43782 45341 566479 566665 657289 682775
eshek 1596741
eshtaol 892409 908238 997369 1010866 1013452 1014617 1015141
eshtaolites 1568796
eshtemoa 913540 1184988 1573467 1573757 1585710
eshtemoh 893611
eshton 1572710 1572731
esli 3648573
etham 257959 662770 662825 663080
ethbaal 1396286
ethnan 1572100
ethni 1584061
eubulus 4287343
euodias 4230087
eutychus 3986687
evi 650365 883961
ezbai 1609900
ezbon 185320 1589679
eze 2953233 2953465 2953570 2953741 2953970 2954101 2954177 2954325 2954432 2954500 2954740 2954885 2955006 2955217 2955302 2955448 2955603 2955680 2955786 2955947 2956097 2956339 2956477 2956661 2956885 2957019 2957208 2957487 2957713 2957805 2957908 2958119 2958259 2958418 2958662 2958775 2958942 2959033 2959180 2959300 2959371 2959564 2959663 2959785 2959964 2960133 2960234 2960394 2960536 2960721 2960881 2961043 2961175 2961343 2961423 2961580 2961887 2962073 2962431 2962596 2962731 2962896 2963045 2963161 2963329 2963576 2963691 2963904 2964136 2964341 2964526 2964714 2964835 2964990 2965204 2965313 2965422 2965536 2965677 2965948 2966078 2966285 2966401 2966596 2966868 2966949 2967080 2967216 2967446 2967675 2967813 2967923 2968127 2968365 2968595 2968789 2968918 2969161 2969330 2969543 2969596 2969703 2969951 2970088 2970235 2970497 2970594 2970726 2971097 2971212 2971478 2971701 2972011 2972214 2972267 2972423 2972580 2972789 2972872 2972941 2973101 2973302 2973514 2973642 2973762 2973895 2974009 2974108 2974309 2974477 2974555 2974713 2975032 2975223 2975408 2975551 2975655 2975865 2975962 2976174 2976465 2976665 2976832 2977109 2977200 2977430 2977671 2977764 2977878 2977977 2978180 2978460 2978701 2978786 2978926 2979042 2979366 2979665 2979770 2979892 2980150 2980365 2980569 2980711 2980958 2981091 2981302 2981536 2981674 2981809 2981992 2982237 2982378 2982592 2982719 2982913 2983030 2983116 2983333 2983428 2983602 2983676 2983757 2983951 2984056 2984237 2984393 2984510 2984756 2984903 2985021 2985178 2985431 2985555 2985666 2985745 2985942 2986053 2986245 2986336 2986481 2986625 2986773 2986969 2987188 2987243 2987459 2987734 2987943 2988038 2988205 2988348 2988505 2988658 2988787 2988968 2989089 2989143 2989327 2989568 2989752 2989828 2989994 2990240 2990309 2990404 2990556 2990663 2990876 2991081 2991224 2991365 2991605 2991661 2991755 2992064 2992195 2992250 2992385 2992623 2992713 2992899 2992956 2993121 2993270 2993324 2993497 2993634 2993711 2993867 2994046 2994211 2994362 2994695 2994876 2995055 2995168 2995381 2995648 2995843 2995981 2996165 2996433 2996721 2996945 2997164 2997397 2997585 2997683 2997737 2997937 2998254 2998398 2998582 2998911 2999095 2999296 2999445 2999649 2999704 2999916 3000062 3000208 3000386 3000508 3000652 3000773 3000960 3001164 3001452 3001637 3001691 3001802 3001898 3002052 3002225 3002400 3002606 3002692 3002746 3002812 3002995 3003168 3003354 3003499 3003732 3003977 3004074 3004216 3004316 3004419 3004619 3004789 3004995 3005151 3005308 3005419 3005581 3005741 3005834 3006004 3006075 3006148 3006337 3006461 3006674 3006843 3006956 3007086 3007273 3007349 3007520 3007739 3007815 3008054 3008379 3008559 3008805 3008925 3009125 3009291 3009584 3009687 3009960 3010129 3010327 3010454 3010668 3010779 3011001 3011279 3011434 3011540 3011766 3011850 3012063 3012162 3012316 3012464 3012655 3012748 3012935 3012989 3013084 3013258 3013380 3013522 3013727 3013956 3014086 3014294 3014445 3014501 3014698 3014851 3014984 3015205 3015407 3015582 3015752 3015921 3016110 3016272 3016505 3016728 3016968 3017024 3017176 3017259 3017397 3017471 3017700 3017913 3018065 3018200 3018289 3018393 3018605 3018817 3018931 3019106 3019292 3019537 3019702 3019913 3020186 3020375 3020517 3020665 3020947 3021089 3021249 3021390 3021534 3021688 3021908 3022079 3022204 3022275 3022405 3022569 3022718 3022853 3022999 3023163 3023314 3023504 3023646 3023816 3024016 3024100 3024318 3024527 3024582 3024777 3024907 3025174 3025361 3025560 3025862 3026101 3026189 3026307 3026456 3026804 3026963 3027153 3027320 3027458 3027629 3027717 3027857 3028191 3028350 3028500 3028688 3028797 3028951 3029134 3029445 3029563 3029772 3030044 3030221 3030372 3030572 3030696 3030839 3030921 3031170 3031374 3031699 3031938 3032096 3032289 3032482 3032538 3032690 3033015 3033109 3033188 3033242 3033408 3033594 3033771 3033884 3034001 3034316 3034370 3034504 3034611 3034795 3035009 3035023 3035284 3035501 3035580 3035702 3035763 3035963 3036131 3036395 3036586 3036783 3037028 3037151 3037340 3037486 3037726 3037931 3038061 3038244 3038395 3038449 3038590 3038778 3039082 3039219 3039312 3039512 3039596 3039779 3039919 3040119 3040328 3040484 3040616 3040781 3040896 3040951 3041126 3041258 3041508 3041611 3041762 3041817 3041929 3042138 3042468 3042635 3042821 3043012 3043219 3043395 3043451 3043519 3043707 3043902 3044037 3044157 3044322 3044545 3044675 3044882 3045026 3045195 3045279 3045413 3045594 3045698 3045878 3046025 3046177 3046312 3046456 3046690 3046909 3047247 3047535 3047620 3047825 3048012 3048248 3048403 3048494 3048684 3048810 3048971 3049185 3049327 3049539 3049660 3049831 3050029 3050150 3050231 3050297 3050406 3050577 3050756 3050942 3051046 3051214 3051337 3051484 3051658 3051789 3051921 3052125 3052262 3052404 3052520 3052649 3052826 3052952 3053167 3053382 3053437 3053588 3053788 3053937 3054057 3054129 3054398 3054501 3054737 3054881 3055114 3055204 3055423 3055477 3055579 3055886 3056123 3056281 3056462 3056756 3056882 3057053 3057215 3057296 3057453 3057650 3057838 3057994 3058164 3058313 3058420 3058597 3058751 3058916 3059086 3059204 3059422 3059603 3059715 3059978 3060149 3060420 3060542 3060723 3060909 3061201 3061461 3061601 3061781 3062120 3062272 3062328 3062389 3062604 3062718 3062856 3063004 3063168 3063291 3063468 3063622 3063801 3063940 3064050 3064147 3064299 3064490 3064637 3064758 3064839 3064909 3065044 3065212 3065290 3065485 3065621 3065742 3066087 3066184 3066353 3066494 3066686 3066846 3067024 3067144 3067279 3067428 3067484 3067772 3067869 3067991 3068115 3068212 3068393 3068538 3068690 3068843 3068899 3069055 3069384 3069518 3069623 3069831 3070039 3070279 3070441 3070496 3070590 3070823 3071038 3071265 3071557 3071803 3071925 3072054 3072279 3072492 3072758 3072900 3073102 3073215 3073373 3073550 3073658 3073936 3074091 3074280 3074457 3074640 3074774 3075031 3075278 3075405 3075582 3075638 3075745 3075856 3076048 3076214 3076413 3076556 3076674 3076855 3077003 3077199 3077418 3077664 3077762 3077875 3078005 3078121 3078354 3078450 3078580 3078787 3078960 3079065 3079285 3079550 3079700 3079827 3079937 3080067 3080242 3080399 3080580 3080684 3080892 3081016 3081172 3081316 3081633 3081797 3082119 3082413 3082681 3082856 3083130 3083277 3083556 3083678 3083893 3083987 3084081 3084253 3084369 3084519 3084775 3084872 3085097 3085261 3085365 3085561 3085730 3085841 3086085 3086190 3086306 3086544 3086663 3086789 3087099 3087464 3087673 3087990 3088139 3088371 3088735 3088887 3089107 3089161 3089371 3089490 3089655 3089802 3090083 3090259 3090506 3090722 3090891 3091155 3091530 3091762 3091905 3092134 3092283 3092404 3092515 3092638 3092788 3093004 3093241 3093296 3093512 3093729 3093881 3094203 3094399 3094571 3094797 3095005 3095186 3095309 3095363 3095658 3095781 3096029 3096164 3096390 3096473 3096760 3096848 3097187 3097295 3097540 3097795 3098051 3098140 3098488 3098620 3098870 3099031 3099158 3099299 3099420 3099562 3099664 3099853 3099998 3100286 3100488 3100629 3100773 3100868 3100923 3101012 3101204 3101315 3101510 3101634 3101746 3101903 3102022 3102176 3102409 3102631 3102767 3102886 3103009 3103151 3103302 3103612 3103981 3104276 3104572 3104748 3104885 3104985 3105155 3105390 3105588 3105737 3105889 3106036 3106092 3106309 3106474 3106629 3106821 3106929 3107170 3107423 3107555 3107700 3107855 3107977 3108118 3108279 3108429 3108614 3108768 3108949 3109067 3109244 3109467 3109648 3109831 3109993 3110152 3110299 3110430 3110554 3110736 3110875 3111019 3111228 3111367 3111550 3111803 3111966 3112166 3112221 3112477 3112581 3112708 3112986 3113077 3113295 3113507 3113814 3113977 3114245 3114455 3114559 3114685 3114739 3114888 3115003 3115238 3115330 3115479 3115588 3115953 3116119 3116276 3116466 3116762 3117034 3117240 3117421 3117698 3117928 3118101 3118224 3118552 3118685 3118909 3119069 3119232 3119395 3119509 3119717 3119799 3119945 3120140 3120247 3120509 3120803 3121111 3121226 3121381 3121624 3121822 3121924 3122270 3122457 3122625 3122758 3122923 3123039 3123329 3123448 3123640 3123852 3124049 3124272 3124418 3124680 3124858 3125010 3125289 3125553 3125692 3125895 3125970 3126066 3126258 3126390 3126546 3126693 3126843 3126961 3127171 3127339 3127467 3127664 3127808 3128017 3128230 3128416 3128591 3128742 3128896 3129048 3129180 3129268 3129395 3129549 3129671 3129881 3130061 3130157 3130332 3130509 3130625 3130833 3130939 3131113 3131392 3131506 3131708 3131813 3132014 3132172 3132464 3132652 3132791 3132993 3133225 3133374 3133524 3133708 3133988 3134121 3134282 3134366 3134534 3134732 3134892 3134987 3135265 3135422 3135567 3135709 3135876 3135981 3135995 3136195 3136231 3136348 3136492 3136655 3136845 3136924 3137118 3137243 3137376 3137562 3137712 3137839 3137980 3138103 3138302 3138431 3138764 3139060 3139215 3139354 3139498 3139642 3139785 3139951 3140011 3140190 3140384 3140486 3140617 3140728 3141052 3141326 3141452 3141638 3141909 3142067 3142297 3142500 3142611 3142711 3142911 3143107 3143269 3143453 3143604 3143781 3143915 3144058 3144235 3144370 3144586 3144693 3144885 3145044 3145222 3145498 3145688 3145975 3146106 3146307 3146485 3146754 3146983 3147228 3147350 3147620 3147750 3147975 3148144 3148401 3148560 3148639 3148824 3148997 3149202 3149406 3149489 3149631 3149761 3149927 3150183 3150329 3150621 3150760 3150920 3151128 3151316 3151535 3151902 3152097 3152339 3152400 3152588 3152723 3152866 3152977 3153184 3153249 3153605 3153792 3154036 3154198 3154354 3154474 3154687 3154816 3155017 3155236 3155570 3155708 3155868 3156009 3156160 3156329 3156459 3156804 3156906 3157110 3157448 3157603 3157823 3157954 3158136 3158344 3158585 3158776 3159053 3159229 3159354 3159487 3159618 3159896 3160073 3160240 3160440 3160642 3160739 3160859 3161035 3161300 3161523 3161617 3161952 3162131 3162277 3162427 3162571 3162756 3162969 3163151 3163294 3163368 3163697 3163819 3164100 3164188 3164281 3164377 3164472 3164565 3164656 3164918 3165032 3165310 3165524 3165666 3165885 3166071 3166293 3166527 3166731 3166921 3167003 3167190 3167637 3167847 3167949 3168044 3168139 3168235 3168325 3168498 3168683 3168792 3168953 3169088 3169228 3169365
ezem 892162 904387 1574866
ezer 139585 140243 140419 1064196 1068159 1076196 1561831 1562161 1571754 1591527 1611814 1658160 1660588 1878449 1924411 2863051 2864826
ezion 665420 665465 687105 1357749 1431883 1709273 1751785
ezrah 1573269
ezrahite 1325671 2227899 2229812
fortunatus 4144526
gaash 931921 939544 1295605 1609554
gabbatha 3876927
gadarenes 3436726
gaddah 892035
gaddiel 565001
gadites 693204 693861 703238 805291 832723 879396 882209 917056 1297184 1484947 1578930 1580449 1611570 1612088 1615581 1664917
gaham 74148
gahar 1832408 1895884
galal 1598823 1598953 1917691
galeed 120946 121062
galilaean 3532070 3621154 3764422 3766399
galilaeans 3713604 3713738 3713775 3797282 3894138
gallim 1166866 2512409
gallio 3976933 3977201 3977644
galud 962356
gamul 1655904 2896696
gannim 892470 906105 915099
gareb 1296157 1610126 2826336
garmite 1573744
gatam 138339 138932 1561650
gazez 1568002 1568037
gazites 881443 1004875
gazzam 1832511 1895996
geba 903739 913814 1029744 1031763 1099616 1100983 1101615 1103450 1194719 1389275 1544547 1585921 1594089 1733552 1830730 1894337 1919343 1922402 2512257 3394769
gebal 2221430 3063323
gebalites 881727
gebim 2512512
geder 880276
gederah 892590
gederoth 892859 1782128
gederothaim 892603
gedi 894424 1155921 1156049 1745718 2464589 3161365
gedor 894112 1571743 1573573 1575871 1595844 1601964 1611538
gehazi 1446983 1447375 1448860 1449174 1449506 1449899 1450682 1455706 1455932 1456791 1467838 1468149
geliloth 902946
gemalli 565170
gemariah 2810087 2849391 2849577 2849854 2851947
gennesaret 3469980 3573855 3655788
genubath 1365641 1365702
gerasenes 3561617 3678797 3680623
gerizim 733400 791411 862389 973560
gershonites 515289 515444 515538 515617 522227 522716 522874 632666 915512 1650920 1663053 1785661
geshan 1568098
geshem 1875085 1888156 1888380 1888961
geshur 883027 1196396 1241654 1246062 1247406 1248936 1565626 1569370
gevel 565332
gibbethon 908375 914416 1390111 1390203 1393776 1394047
gibea 1568309
gibeah 894022 1020888 1021003 1021099 1021220 1021491 1024833 1024966 1025561 1025838 1026211 1026469 1026668 1027275 1027422 1027485 1028096 1028868 1029049 1029311 1029786 1030341 1030388 1031471 1074255 1085899 1086820 1089348 1090248 1096885 1097057 1099411 1115365 1148008 1154235 1166916 1295509 1609466 1723457 2512335 3246286 3254628 3257368 3257488
gibeath 844864 903978
gibeathite 1611070
gibeonites 1281272 1281329 1281350 1281612 1281769 1282764
giddalti 1658139 1660424
giddel 1832384 1833176 1895860 1896628
gideoni 504090 511432 540401 541027 554779
gihon 5896 1306135 1307006 1308155 1805311 1808437
gilalai 1923305
gileadites 629127 991860
giloh 893668 1249528
gilonite 1249489 1295899
gimzo 1782196
ginath 1394714 1394853
ginnethoi 1919877
ginnethon 1911131 1920839
girgashites 712693 928683
girzites 1172805
gishpa 1918119
gittaim 1202638 1919471
gittites 881494
gizonite 1609671
goah 2826358
goiim 42006 43116 880916
golan 703251 911089 914854 1587682
gozan 1512258 1520052 1526997 1580537 2590126
gudgodah 726621 726640
guni 186112 631508 1578525 1590574
gunites 631532
haahashtari 1572003
habaiah 1833787
habazziniah 2844218
habor 1512239 1520033 1580502
hacaliah 1869474 1910942
haccherem 1877482 2712850
hachilah 1154350 1166987 1167236
hachmoni 1669560
hachmonite 1292146 1606565
hadad 87409 140943 141089 1364778 1365142 1365472 1365782 1366500 1388438 1388787 1411786 1412061 1412348 1413072 1413254 1413622 1414485 1414679 1415129 1416153 1417102 1417501 1417680 1417740 1417822 1460985 1468566 1469016 1470147 1493404 1496964 1497068 1561052 1562607 1562742 1563022 1563176 1732831 1733132 2905387 3278441 3390863
hadadezer 1217054 1217415 1217743 1217827 1217965 1218077 1218105 1218471 1224137 1224264 1224799 1366255 1634330 1634720 1635016 1635101 1635321 1635461 1635489 1639558 1640089
hadashah 892680
hadattah 891928
haddah 906119
hadid 1831155 1894770 1919490
hadlai 1780931
hadoram 32358 1218001 1218138 1560589 1635373
hadrach 3380715
hagab 1832304
hagaba 1895780
hagabah 1832247
hagarites 1577893 1579141 1579242 2221410
haggedolim 1917195
haggiah 1582921
haggidgad 665180 665227
haggites 627505
haggith 1196449 1301663 1302739 1311674 1569410
hagri 1609965
hahiroth 258413 662851 662967
hakkatan 1856000
hakkore 1004636
hakkoz 1655492 1833812 1875964 1878812 1897255
hakupha 1832728 1896184
halah 1512226 1520020 1580492
halak 877104 879606
halhul 894090
hallohesh 1877109 1911929
hammah 1155827
hammath 907737 1569084
hammeah 1875600 1923964
hammedatha 1940111 1942066 1954367 1958488 1960968
hammiphkad 1880411
hammoleketh 1590824 1591210
hammoth 915421
hammuel 1574541
hamor 128826 129112 129360 129581 129912 130565 131192 131391 132158 132463 932296 976858 3918089
hamran 1562099
hamul 184965 628185 1564001
hamutal 1549504 1553424 2926954
hanamel 2827663 2827862 2828273 2828692
hananel 1875648 1923939 2826220 3394973
hanani 1391286 1392275 1658121 1660124 1733591 1743426 1751542 1867598 1869601 1891672 1923340
hananiah 1570757 1570903 1595346 1658111 1659969 1774780 1868396 1876641 1880101 1891684 1911900 1920641 1924280 2806715 2807441 2808178 2808319 2808597 2808690 2809133 2809170 2809483 2849909 2855511 3170613 3170757 3171579 3172666 3175867
hanes 2566427
hannathon 905541
hannekeb 907450
hanniel 670838 1593500
hanoch 86281 184565 224301 626225 1561374 1577119
hanochites 626251
hanun 1221524 1221613 1221879 1222099 1636761 1636941 1637065 1637307 1637781 1877178 1880137
hapharaim 906000
happizzez 1655780
happuch 2071983
haradah 664556 664597
haran 35990 36085 36096 36153 36389 36523 36677 36814 37410 37545 100567 102442 104864 661225 1527007 1567983 1568013 1651079 2590136 3065222 3916059 3916263
hararite 1292782 1295761 1295800 1609712 1609760
harashim 1573033
harbonah 1953106
hareph 1568514
hareseth 1444629 2527660
harhaiah 1876599
harhas 1541284
harhur 1832753 1896209
hariph 1893963 1911747
harnepher 1593288
harodite 1295217 1295237 1609196
haroeh 1568609
harosheth 946967 948810 949304
harsha 1832835 1833472 1896291 1896923
harumaph 1876855
haruphite 1611389
haruz 1537981
hasadiah 1570848
hashabiah 1584378 1598753 1657867 1659669 1664318 1667495 1818714 1857085 1858092 1878231 1911447 1917298 1918243 1921098 1921480
hashabnah 1911972
hashabneiah 1876920 1903739
hashbaddanah 1899897
hashem 1609660
hashmonah 664934 664977
hashubah 1570812
hasrah 1814730
hassenaah 1875776
hassenuah 1597769 1916440
hasshub 1598713 1876975 1879027 1911910 1917258
hassophereth 1833065
hasupha 1832084 1895620
hathach 1944130 1944307 1944871 1944969
hathath 1572922
hatipha 1832972 1896428
hatita 1831964 1895499
hattaavah 561856 561987 663910 663961 724314
hatticon 3162528
hattil 1833237 1896689
hattush 1571093 1855052 1876900 1911050 1919816
hauran 3162563 3162826
havvoth 661814 693548 885183 982034
hazael 1410594 1410859 1468673 1468839 1469372 1469690 1470074 1470184 1472069 1472291 1474787 1474949 1484843 1491988 1492373 1493356 1493422 1496632 1496917 1497086 1756354 1756559 3278398
hazaiah 1915895
hazar 668687 669194 669306 892029 892086 904361 904478 1574822 1918942 3162522 3162636 3162797 3163967
hazarmaveth 32322 1560554
hazarsusim 1574980
hazazon 42829 1745691
hazeroth 562019 564148 663998 664040 679295
haziel 1651068
hazo 73934
hazzebaim 1833271 1896723
hazzelelponi 1571695
heberites 631184
hebronites 515956 632848 1663308 1664306 1664563 1664608
hegai 1935824 1936748 1936848 1938469
helah 1571920 1572071
helam 1224228 1224408 1639702
helbah 937312
heldai 1295438 1667241 3373724 3374361
heleb 907017
heled 1609386
helek 629221 896513
helekites 629246
heleph 907400
helez 1295257 1567335 1567346 1609206 1666510
helkai 1920798
helkath 906528 915233
helon 503914 509899 536304 536927 553849
hemam 139725
hemdan 140172
hena 1524439 1527176 2590306
henadad 1837291 1878365 1879218 1911333
hepher 629423 629498 634064 880518 896609 896766 905422 1322999 1501381 1571981 1609804
hepherites 629449
hephzi 1534931
heresh 1598811
hereth 1147891
hermogenes 4278973
hermons 2143562
herodians 3503774 3553214 3603142
herodion 4085140
hesed 1322954 1570865
heshbon 607388 607462 607670 607768 608149 608776 656576 661333 679654 689519 689842 690280 691783 703616 805134 864326 878508 879210 882572 883482 883895 884572 884776 916116 987382 988480 1588787 1907149 2474593 2525660 2527697 2528053 2893777 2898295 2900018 2900056 2900971
heshmon 892047
hethlon 3162387 3163915
hezir 1655758 1911803
hezrai 1295919
hezro 1609860
hiddai 1295580
hiel 1396611
hierapolis 4244105
hilen 1585752
hilkiah 1521383 1522776 1524832 1539319 1539929 1540058 1540401 1540651 1541133 1543325 1548129 1581611 1581624 1584420 1598204 1661783 1811983 1813272 1813393 1813504 1813882 1814136 1814605 1818471 1850330 1899796 1916570 1919994 1921089 2543073 2584653 2587934 2688830 2810108
hinnom 889615 889739 902734 902831 1544947 1778942 1806904 1919279 2722535 2722797 2767862 2768773 2832739
hirah 146953 148443 149525
hittites 567367 712676 831439 863042 874784 879876 928666 936356 942724 1297268 1356737 1362662 1362815 1463963 1682600 1707373 1860601
hivites 712768 863105 863817 874860 877386 879940 928703 942404 942780 1297421 1356767 1707426 2530178
hizki 1595023
hizkiah 1571198
hobab 555291 934878 948469
hobah 44144
hobaiah 1897230
hodaviah 1571261 1580040 1831710 1837196
hodesh 1594345
hodevah 1895262
hodiah 1573685 1900405 1903763 1911392 1911508 1911714
hoglah 629607 634227 678692 889208 896926 903183 903581
hoham 867644
holon 893657 913585 2896559
hophni 1051061 1060466 1064914 1066067 1066998
hophra 2886438
horam 872811
horem 907889
horesh 1153765 1153824 1154151 1154327
hori 139716 564721 1561880
horites 42595 139631 687605 689128
hormah 574898 604312 685793 880310 892207 904428 935225 1185125 1574918
horon 868914 869033 895077 895385 902225 902363 914326 1099903 1356386 1587332 1592046 1707011 1770034
horonaim 2525979 2893977 2894170 2898378
horons 1241185 1241290
hosah 906989 1629155 1661643 1661845 1662460
hoshaiah 1922906 2873417 2877597
hoshama 1570636
hoshea 564882 565465 823503 1506598 1511402 1511643 1511706 1512135 1518401 1519639 1519883 1667770 1911892
hotham 1592971 1593191 1610423
hothir 1658190 1660348
hozeh 1877634 1915877
hukkok 907585
hukok 1588034
hul 31981 1560227
humtah 893820
hupham 630409
huphamites 630435
huppim 185918 1590485
hur 274424 274703 303270 332086 352533 363648 650391 883990 1322806 1565262 1565280 1568400 1571402 1571607 1571804 1680594 1876776
hurai 1609538
huram 1594005 1682944 1684577 1684727 1685015 1690156 1690821 1706734 1709343 1711286 1713002
huri 1578361
hushah 1571774
hushai 1252913 1253682 1256353 1256575 1258133 1258214 1258353 1258436 1259820 1260025 1323698 1669668
husham 140836 140935 1562504 1562599
hushathite 1284780 1295360 1609320 1641100 1666668
hushim 186056 1590510 1594301 1594518
huzoth 614967
ibhar 1206893 1569761 1619026
ibleam 898278 936645 1477480 1503519
ibneiah 1597792
ibnijah 1597934
ibri 1656827
ibsam 1588997
ibzan 992533 992768
idalah 905637
idbash 1571654
iezer 629182
iezerites 629207
igdaliah 2844389
iglaam 1594095 1594158
iim 892153
ijon 1388890 1506433 1733235
ikkesh 1295292 1609252 1666387
ilai 1609332
imla 1738786 1738969
imlah 1425442 1425705
immer 1598516 1655725 1831467 1833499 1867591 1879968 1895019 1896950 1917075 2770786
imna 1593223
imnah 631012 1592763 1798339
imnites 631037
imrah 1593321
imri 1597473 1875750
iphdeiah 1595394
iphtah 893003 905576 906755
irad 13350 13360
iram 141707 1563477
irijah 2855470 2855764
irpeel 903894
iru 1573123
iscah 36421
ishbaal 1292134 1606543 1665418
ishbah 1573445
ishbak 86095 1561261
ishhod 1591240
ishi 1566573 1566595 1573870 1576545 1579997 3240358
ishma 1571644
ishmaelites 145276 145530 145771 151386 970770 2221384
ishmaiah 1611177 1667660
ishmerai 1595052
ishpah 1594946
ishpan 1595267
ishvah 185396 1592773
ishvi 185407 631049 1109392 1592784
ishvites 631074
ismachiah 1798124
isshiah 1589269 1611421 1652244 1656347 1656651 1656675
isshijah 1868684
ithai 1609439
ithamar 225487 314842 363564 410497 411425 412490 513047 513373 522950 523718 534448 633177 1580789 1654194 1654307 1654424 1654581 1654710 1654950 1655273 1855013
ithlah 908302
ithmah 1610597
ithra 1262119
ithran 140188 1562121 1593379
ithream 1196527 1569470
ithrite 1296148 1296167 1610117 1610136
ithrites 1568692
ittai 1250518 1250636 1251038 1251247 1251276 1263053 1263709 1265011 1295482
ituraea 3645251
ivva 2590316
ivvah 1524448 1527188
iye 605510 666441
iyim 666505
izhar 224830 225238 515026 580708 1572090 1580651 1582040 1583792 1651435 1652052
izharites 515938 1656383 1663290 1664166
izliah 1595065
izrahiah 1589200 1589226
izrahite 1666263
izri 1659106
izziah 1868074
jaakan 665097 665142 726455 1562186
jaakobah 1575523
jaalah 1833128
jaareshiah 1595500
jaasiel 1610647 1667947
jaasu 1869028
jaazaniah 1557777 2844175 2978374 2985346
jaaziah 1656754 1656796
jaaziel 1622940
jabbok 125165 607218 691344 693761 878664 986391 987916
jabesh 1033495 1033598 1033759 1034078 1034451 1089700 1089734 1090042 1090493 1091103 1091241 1091293 1186895 1187114 1187212 1191712 1191810 1283449 1503455 1503849 1504089 1604412 1604578 1604636
jabneel 890328 907463
jabneh 1773842
jacan 1578270
jachinites 627205
jaddua 1911839 1920523 1921203
jadon 1876450
jagur 891770
jahath 1571475 1571487 1582229 1584190 1651174 1651256 1656431 1812758
jahaz 607109 690683 883585 915868 987606 2525728 2898329
jahaziel 1625750 1652148 1656511 1747577 1855327
jahdo 1578458
jahleel 185097 628773
jahleelites 628800
jahmai 1588986
jahzah 1588564 2896569
jahzeel 186100 631465
jahzeelites 631492
jahzeiah 1866733
jahzerah 1598448
jahziel 1590562
jairite 1281026
jairus 3564261 3681217
jakeh 2425906
jakim 1595116 1655613
jalam 137510 138775 139277 1561577
jalon 1573307
jambres 4283543
jaminites 627165
jamlech 1575369
janai 1578141
janim 893768
jannai 3648468
janoah 895544 895570 1506463
japhia 867705 905365 1206926 1569827 1619090
japhlet 1592948 1593027 1593089
japhletites 895043
jarah 1602472 1602483
jarha 1566951 1567000
jarmuth 867689 868009 871099 880132 892507 915084 1919110
jaroah 1578378
jashar 869644 1189764
jashen 1295699
jashobeam 1611455
jashub 628459 1588897 1868489 2498033
jashubites 628485
jathniel 1660852
jattir 893509 913507 1184944 1585698
jazer 608358 656323 656553 661170 884449 916128 1297203 1588819 1664752 2527839 2528009 2897904 2897968
jaziz 1669350
jearim 865521 890011 890118 894250 902415 902547 1015250 1015344 1074051 1074186 1074362 1568464 1568591 1568680 1617113 1617197 1680423 1894244 2801585
jeatherai 1582313
jeberechiah 2501511
jebusites 567384 712784 863122 874821 879957 894493 894587 928719 935699 935750 942797 1020687 1205545 1205882 1356784 1605640 1605889 1707442 1860631
jechiliah 1773451
jechoniah 3408120 3408238
jecoliah 1502371
jedaiah 1575661 1598138 1655367 1831377 1876835 1894928 1916503 1919963 1920003 1921017 1921112 3373745 3374384
jediael 1589633 1590179 1590337 1610454 1613474 1660812
jedidah 1538940
jeduthun 1598971 1629141 1629556 1629697 1629818 1657470 1657799 1657825 1657929 1658536 1693630 1785909 1819967 1917709 2137308 2175474 2204828
jehallelel 1573197 1785638
jehaziel 1611265
jehdeiah 1656289 1669266
jehezkel 1655841
jehieli 1663132 1663163
jehizkiah 1780879
jehoaddah 1596361 1596376
jehoaddan 1767739
jehoaddin 1497476
jehoahaz 1485303 1493003 1493461 1493950 1494140 1494273 1494488 1496670 1497038 1497128 1498398 1500228 1549278 1549387 1549959 1755003 1770977 1772039 1772608 1822515 1822608 1823006
jehohanan 1660898 1737018 1758305 1864846 1868385 1891236 1920693 1924374
jehoiachin 1551382 1551603 1552081 1552772 1553247 1558487 1558669 1823606 1823660 2931991 2932180 2953533
jehoiakim 1549944 1550034 1550255 1550560 1551226 1551337 1553515 1570375 1570451 1822969 1823039 1823458 2689074 2780012 2781115 2789504 2791326 2797943 2801729 2801915 2802075 2806096 2807211 2843945 2847497 2849030 2852528 2852593 2852915 2853538 2853707 2886846 2887812 2927052 3169524 3169675
jehoiarib 1598150 1655345
jehonadab 1481757 1481886 1483238
jehonathan 1736005 1920966
jehoram 1432164 1435845 1435912 1440493 1441217 1470287 1471630 1472337 1492173 1736089 1752193 1752545 1752599 1752786 1753377 1754814 1755817 1756301 1756605 1756657 1756764 1756844 1757900
jehoshabeath 1757665 1757865
jehosheba 1485584
jehozabad 1492729 1660997 1737378 1767315
jehozadak 1581737 1581761 3356388 3357833 3358317 3358792 3359077
jehubbah 1593147
jehucal 2853965
jehud 908411
jehudi 2850108 2851232 2851313 2851570
jehuel 1785871
jeiel 1577504 1595715 1601835 1610404 1623078 1623441 1625633 1747632 1774716 1818728 1869271
jekabzeel 1918834
jekameam 1652172 1656531
jekamiah 1567503 1567517 1570626
jekuthiel 1573615
jemuel 184638 224404
jephunneh 564777 568918 572602 573770 633952 657750 670507 684339 886612 888032 888122 890568 913295 1573112 1585546 1593430
jerah 32338 1560570
jered 1573552
jeremai 1868836
jeremoth 1594871 1595546 1652523 1659895 1868227 1868319 1868507
jeriah 1652110 1656473
jeribai 1610550
jeriel 1588975
jerijah 1664575
jerimoth 1589709 1589947 1611335 1656979 1658101 1667703 1719659 1798089
jerioth 1565105
jeroham 1050695 1582692 1583471 1597812 1598356 1611527 1668011 1758276 1916803
jeruel 1748060
jerusha 1507185
jerushah 1777352
jeshaiah 1570926 1657857 1659387 1663492 1855490 1857109 1916280
jeshanah 1076171 1726630
jesharelah 1659314
jeshebeab 1655668
jeshimon 606687
jeshimoth 666938 878853 883767 3057006
jeshishai 1578436
jeshohaiah 1575536
jeshua 1655539 1798563 1829093 1829487 1831402 1831671 1835408 1836821 1837122 1838794 1842796 1859744 1867328 1878466 1892713 1893116 1894954 1895223 1900345 1902620 1903519 1903712 1911282 1918885 1919756 1920086 1920120 1920330 1921506 1921852
jeshurun 819465 825215 828498 2616515
jesimiel 1575572
jether 969952 1310354 1315284 1564994 1566697 1566722 1573276 1593422
jetheth 141612 1563281
jetur 87425 1561077 1579157
jeuel 1597634 1785777 1856124
jeush 137503 138768 139270 1561567 1590220 1596781 1651192 1651303 1719778
jezaniah 2867734 2873396
jezer 186121 631554 1590583
jezerites 631579
jeziel 1611086
jezrahiah 1924471
jhn 3778431 3778522 3778581 3778662 3778747 3778830 3778890 3778998 3779081 3779169 3779283 3779378 3779522 3779626 3779814 3779967 3780037 3780145 3780268 3780402 3780476 3780608 3780743 3780872 3780930 3781068 3781181 3781263 3781371 3781501 3781618 3781741 3781859 3782066 3782138 3782210 3782301 3782368 3782546 3782721 3782831 3782979 3783132 3783264 3783341 3783527 3783649 3783775 3783952 3784039 3784185 3784327 3784439 3784492 3784583 3784670 3784743 3784895 3784996 3785105 3785316 3785485 3785629 3785779 3785866 3785996 3786192 3786313 3786429 3786555 3786662 3786774 3786847 3787034 3787197 3787282 3787382 3787486 3787686 3787796 3787969 3788134 3788240 3788335 3788546 3788624 3788730 3788882 3789027 3789124 3789248 3789313 3789469 3789608 3789794 3789968 3790099 3790234 3790374 3790513 3790574 3790657 3790857 3790966 3791083 3791297 3791352 3791525 3791643 3791723 3791824 3791904 3792045 3792210 3792295 3792345 3792405 3792529 3792665 3792754 3792814 3793001 3793195 3793319 3793459 3793546 3793704 3793852 3793930 3794046 3794150 3794217 3794336 3794492 3794651 3794848 3794945 3795091 3795152 3795342 3795437 3795558 3795613 3795711 3795785 3795858 3795959 3796117 3796301 3796398 3796519 3796669 3796790 3796890 3797081 3797149 3797239 3797442 3797593 3797785 3797879 3797940 3798067 3798160 3798315 3798482 3798581 3798671 3798800 3798967 3798978 3799045 3799221 3799394 3799451 3799558 3799693 3799781 3799876 3800023 3800180 3800269 3800384 3800471 3800665 3800880 3801052 3801186 3801289 3801459 3801641 3801817 3801922 3802004 3802131 3802253 3802477 3802548 3802662 3802714 3802818 3802919 3803111 3803259 3803367 3803522 3803601 3803641 3803724 3803889 3804043 3804210 3804306 3804392 3804506 3804621 3804702 3804759 3804915 3804996 3805116 3805197 3805302 3805445 3805617 3805756 3805889 3806019 3806171 3806234 3806377 3806456 3806593 3806646 3806766 3806993 3807130 3807278 3807388 3807545 3807743 3807807 3807919 3808026 3808133 3808296 3808395 3808454 3808630 3808714 3808821 3808924 3809093 3809255 3809374 3809537 3809620 3809776 3809939 3810039 3810109 3810142 3810217 3810327 3810556 3810692 3810872 3811007 3811066 3811152 3811301 3811509 3811595 3811717 3811854 3811945 3812075 3812236 3812367 3812470 3812538 3812646 3812723 3812837 3812957 3813115 3813180 3813302 3813458 3813510 3813594 3813727 3813830 3813898 3814002 3814079 3814241 3814314 3814400 3814518 3814600 3814742 3814926 3815048 3815149 3815242 3815387 3815567 3815647 3815743 3815888 3816025 3816287 3816360 3816469 3816606 3816747 3816842 3816937 3817119 3817237 3817407 3817518 3817688 3817790 3817892 3818022 3818088 3818169 3818295 3818369 3818462 3818538 3818609 3818703 3818812 3818941 3818984 3819034 3819161 3819289 3819431 3819537 3819700 3819854 3819919 3820150 3820314 3820440 3820595 3820700 3820927 3820992 3821108 3821182 3821270 3821457 3821628 3821808 3821926 3822043 3822216 3822308 3822437 3822501 3822684 3822809 3822872 3822985 3823068 3823204 3823320 3823408 3823473 3823604 3823736 3823878 3824020 3824148 3824314 3824407 3824719 3824786 3824902 3825028 3825145 3825280 3825393 3825470 3825655 3825774 3825927 3826128 3826227 3826315 3826402 3826518 3826586 3826757 3826919 3827029 3827096 3827195 3827362 3827522 3827606 3827671 3827871 3827952 3828026 3828136 3828310 3828517 3828644 3828828 3828980 3829095 3829265 3829447 3829534 3829687 3829823 3829920 3830072 3830173 3830293 3830436 3830591 3830691 3830769 3830900 3831024 3831111 3831190 3831257 3831394 3831510 3831635 3831798 3831862 3831989 3832115 3832250 3832355 3832433 3832530 3832654 3832832 3832919 3833124 3833191 3833284 3833393 3833573 3833680 3833843 3833919 3834030 3834168 3834256 3834329 3834460 3834602 3834668 3834763 3834887 3835021 3835056 3835117 3835261 3835396 3835486 3835590 3835722 3835800 3835990 3836072 3836206 3836331 3836387 3836496 3836630 3836706 3836868 3836948 3837064 3837149 3837293 3837456 3837556 3837706 3837789 3837911 3837971 3838077 3838199 3838311 3838378 3838479 3838598 3838692 3838794 3838861 3838986 3839109 3839205 3839328 3839453 3839519 3839634 3839853 3840002 3840130 3840205 3840246 3840302 3840433 3840571 3840738 3840842 3840965 3841117 3841176 3841352 3841468 3841555 3841685 3841827 3841944 3842096 3842246 3842369 3842449 3842647 3842802 3842950 3843115 3843249 3843384 3843567 3843649 3843748 3843909 3843998 3844070 3844265 3844347 3844438 3844577 3844717 3844799 3844889 3845119 3845271 3845395 3845515 3845615 3845744 3845835 3845929 3846100 3846249 3846413 3846549 3846694 3846825 3846897 3846985 3847066 3847137 3847341 3847573 3847758 3847860 3848039 3848125 3848314 3848402 3848581 3848658 3848772 3848824 3848939 3849106 3849266 3849389 3849531 3849769 3849906 3850037 3850121 3850255 3850342 3850466 3850612 3850696 3850865 3850960 3851103 3851192 3851319 3851402 3851533 3851607 3851814 3851966 3852112 3852257 3852362 3852471 3852552 3852637 3852870 3852987 3853062 3853247 3853340 3853458 3853568 3853754 3853887 3853994 3854150 3854249 3854424 3854505 3854636 3854776 3854855 3854966 3855062 3855187 3855279 3855469 3855657 3855781 3855949 3856063 3856129 3856187 3856295 3856527 3856597 3856729 3856833 3857036 3857161 3857344 3857484 3857549 3857724 3857871 3858056 3858163 3858280 3858436 3858495 3858638 3858717 3858898 3859054 3859210 3859340 3859434 3859537 3859660 3859770 3859864 3859955 3860025 3860266 3860504 3860568 3860664 3860838 3861024 3861134 3861264 3861321 3861512 3861627 3861792 3861888 3861962 3862121 3862223 3862408 3862508 3862586 3862747 3862860 3862912 3862996 3863072 3863157 3863420 3863517 3863647 3863758 3863974 3864087 3864343 3864494 3864704 3864830 3864985 3865114 3865298 3865419 3865555 3865676 3865762 3865933 3865982 3866181 3866335 3866506 3866624 3866754 3866850 3866963 3867127 3867211 3867400 3867528 3867605 3867810 3868036 3868152 3868293 3868409 3868478 3868549 3868636 3868716 3868816 3868974 3869091 3869286 3869507 3869636 3869782 3869929 3870054 3870188 3870321 3870447 3870529 3870636 3870740 3870847 3871006 3871121 3871218 3871341 3871469 3871646 3871835 3871968 3872148 3872240 3872440 3872574 3872724 3872866 3872934 3873080 3873233 3873309 3873514 3873612 3873720 3873879 3873976 3874094 3874183 3874302 3874511 3874786 3874924 3875076 3875175 3875239 3875354 3875473 3875609 3875726 3875924 3876068 3876141 3876261 3876423 3876585 3876792 3876957 3877101 3877310 3877410 3877525 3877643 3877764 3877946 3878082 3878164 3878404 3878738 3878874 3879001 3879118 3879255 3879385 3879496 3879777 3879922 3880034 3880152 3880294 3880400 3880491 3880739 3880872 3881014 3881141 3881264 3881429 3881653 3881729 3881851 3881935 3882053 3882169 3882267 3882386 3882451 3882578 3882700 3882861 3882951 3883176 3883283 3883479 3883614 3883812 3883942 3884052 3884158 3884311 3884402 3884660 3884872 3885025 3885082 3885227 3885329 3885494 3885626 3885772 3885943 3886082 3886171 3886382 3886571 3886723 3886823 3886900 3887081 3887247 3887343 3887467 3887718 3887908 3888218 3888472 3888619 3888827 3888891 3889021 3889263 3889408
jidlaph 73955
jimnah 185385
jn 4378992 4379166 4379343 4379531 4379616 4379745 4379865 4380028 4380126 4380277 4380362 4380559 4380646 4380736 4380859 4380984 4381049 4381196 4381340 4381450 4381547 4381703 4381801 4382051 4382295 4382446 4382599 4382710 4382918 4383109 4383188 4383387 4383520 4383638 4383823 4383891 4384006 4384265 4384403 4384528 4384717 4384907 4384993 4385082 4385172 4385283 4385413 4385606 4385754 4385953 4386068 4386240 4386317 4386460 4386595 4386725 4386908 4387023 4387123 4387249 4387352 4387470 4387605 4387730 4387918 4388054 4388215 4388351 4388450 4388647 4388798 4388871 4389001 4389136 4389238 4389356 4389453 4389557 4389651 4389794 4389941 4390104 4390176 4390389 4390514 4390654 4390778 4390849 4390982 4391080 4391190 4391257 4391362 4391506 4391698 4391797 4391887 4392040 4392155 4392279 4392554 4392641 4392784 4392879 4393099 4393161 4393360 4393445 4393577 4393705 4393861 4393988 4394168 4394281 4394423 4394540 4394614 4394812 4394904 4395000 4395127 4395270 4395364 4395472 4395636 4395718 4395839 4395975 4396259 4396395 4396539 4396636
joah 1521443 1522800 1524892 1582270 1661019 1785674 1785720 1811854 2584713 2585998 2587994
joahaz 1497268 1811871
joanan 3648723
jobab 32463 140742 140829 874457 1560692 1562411 1562497 1594385 1595076
jod 2293746
joda 3648697
joelah 1611494
joezer 1611444
jogbehah 661180 968644
jogli 670743
joha 1594957 1610486
joiakim 1920355 1920368 1920560 1921832
joiarib 1856609 1915934 1916523 1919954 1920995
jokdeam 893985
jokim 1574108
jokmeam 1323316 1587295
jokneam 880829 905250 915710
jokshan 86062 86126 1561228 1561295
joktheel 892743 1498300
jonadab 1235691 1235741 1235988 1240623 1241331 2844698 2845094 2845418 2845975 2846629 2847190 2847363
jonam 3649087
jonath 2166435
jorah 1830253
jorai 1578260
jorim 3648967
jorkeam 1567812
josech 3648678
joshah 1575381
joshaphat 1610336 1623760
joshaviah 1610562
joshbekashah 1658166 1660045
joshibiah 1575448
josiphiah 1855797
jotbah 1537990
jotbathah 665264 665307 726652
jozabad 1611290 1613462 1613498 1798102 1818738 1859724 1867788 1867839 1900440 1917356
jozacar 1492695
jozadak 1835427 1836840 1842815 1867347 1921871
jucal 2857219
jushab 1570858
jutah 893951
juttah 913668
kabzeel 891747 1294441 1608398
kadesh 42743 49961 64246 566896 599663 601546 601940 602788 635976 657210 665536 665577 668647 679405 682078 685965 687991 724390 824474 824935 874102 886743 886839 888781 986777 987019 2115789 3163063 3168457
kadmiel 1831682 1837161 1895234 1903537 1903724 1911342 1920136 1921525
kadmonite 47714
kaiwan 3291588
kallai 1921053
kamon 982135
kanah 895720 897860 906890
kareah 1557713 2867647 2868826 2869186 2869542 2871882 2872258 2872469 2872631 2873384 2874586 2877631 2878049 2878241
karka 888858
karkor 968333
karnaim 42512
kartah 915722
kartan 915437
kattath 905601
kazin 905437
kedemah 87445 1561097
kedemoth 689792 883596 915908 1588604
kedesh 880804 891837 907825 910732 915329 947492 948221 948290 948570 1506474 1587795 1588133
kehelathah 664386 664430
keilah 893048 1151330 1151557 1151716 1151862 1151957 1152123 1152222 1152316 1152537 1152848 1153146 1153299 1153398 1573733 1878272 1878404
kelaiah 1867864
kelita 1867881 1900423 1911400
kemuel 73881 670929 1667517
kenan 15545 15584 15778 15889 16003 1559093
kenath 661862 1565686
kenite 47683 934888 948391 949481 949567
kenites 622484 622624 948439 1110701 1110890 1173324 1185081 1569058
kenizzite 47695 657764 886626 888136
keran 140200
keren 2071977
kerioth 891942 2896738 2899368 3280615
keziah 2071955
kezziz 903597
kibroth 561848 561979 663902 663953 724306
kibzaim 914309
kiriath 74290 136794 614959 865513 888286 890003 890672 890968 891077 893554 893832 894219 894242 902384 902407 902539 903990 910831 913070 934074 934252 934360 1015242 1015336 1074043 1074178 1074354 1568456 1568583 1568672 1617105 1617189 1680415 1830626 1894236 1918753 2801577
kiriathaim 42566 661357 883634 1588206 2893625 2896672 3057041
kishion 906060 915029
kitron 937100
kittim 30174 622834 1559408 2544060 2545462 2693128 3062996
kohath 184767 224626 224812 224876 514851 514989 515904 519283 519541 521152 534513 580726 632682 632949 912200 914060 914697 1580592 1580636 1581901 1582021 1582353 1583810 1586109 1587035 1587581 1621200 1650884 1651420
kohathites 516017 516223 521593 523859 524160 554355 632708 912018 912967 1583359 1585317 1601335 1748603 1785552 1812857
kolaiah 1916220 2813151
korahites 225590 632934 1599444 1611470 1660689 1662861 1748622
koz 1572120
kushaiah 1622813
laadah 1573987
ladan 1592194 1650933 1650972 1651133 1663034 1663082 1663110
lahad 1571523
lahai 85330
lahmas 892822
lahmi 1641291
laish 1014330 1014729 1015530 1017628 1018128 1166857 1198191
laishah 2512421
lakkum 907482
lapidoth 947215
lasea 4019982
lasha 31563
lassharon 880577
leannoth 2227867
lebana 1895756
lebanah 1832222
lebaoth 892281 904508
lebonah 1035292
lecah 1573976
lehabim 31026 1559769
lehem 135982 193647 905653 992547 992829 1012139 1012274 1012517 1018705 1018821 1021733 1021832 1036503 1036745 1039208 1039242 1039771 1040365 1049235 1116278 1121064 1121528 1128871 1138470 1141941 1195876 1293427 1293562 1293713 1295188 1568507 1568842 1571857 1574207 1607423 1607562 1607703 1609166 1718288 1830421 1894064 2873078 3322746 3410073 3410602 3410686 3410985 3412401 3639115 3640472 3817982
lehemite 1115784 1118531 1284948
lekoth 1155834
leshem 908624 908780
letushim 86209
leummim 86222
levites 225003 225760 363533 487748 487779 488005 508230 508697 508968 509115 510886 512548 513880 514197 515153 516578 517547 517862 517962 518351 518439 518477 518674 518857 518995 521630 525137 534136 534253 544860 545319 545456 545574 545696 545885 545912 546039 546093 546140 546747 547105 547157 547214 547409 547548 547649 547990 590884 594015 594345 594516 595271 632591 653442 655019 671620 672238 672425 672725 755855 757416 757897 758905 781195 791056 791673 816554 838156 862272 886151 886288 900849 911516 911889 912080 912725 914072 914802 915615 916293 916370 1072906 1342294 1374585 1582147 1584604 1586729 1588265 1597267 1598683 1600504 1601193 1601554 1601707 1616662 1620873 1621167 1621774 1621910 1622260 1622370 1622509 1622851 1623573 1624166 1624360 1625338 1650332 1650358 1653019 1655212 1657016 1657246 1662594 1662916 1672588 1674172 1692422 1692576 1693575 1703133 1708716 1708989 1718789 1718893 1724663 1725035 1736063 1744448 1745313 1748574 1758465 1758826 1759158 1759307 1759520 1761697 1762884 1763086 1763231 1764048 1784222 1784334 1785458 1786338 1788180 1788413 1789074 1789882 1789978 1793106 1793386 1793496 1794240 1794395 1794995 1795336 1795916 1796455 1797378 1799032 1799589 1812091 1812778 1812949 1813125 1816240 1817364 1817976 1818462 1818765 1818786 1818953 1819133 1819756 1820125 1820713 1827803 1831646 1835104 1836900 1837008 1837339 1837506 1837949 1848889 1849286 1849534 1850940 1851857 1853841 1857273 1858914 1859049 1859788 1860463 1864682 1867830 1878174 1891609 1895198 1898721 1900473 1900782 1901286 1901654 1903631 1903703 1910802 1911264 1912116 1913432 1914324 1914347 1914470 1914488 1914521 1915496 1917228 1917386 1917737 1917985 1918184 1919589 1919693 1920111 1921145 1921471 1922048 1922538 1925014 1925076 1925628 1925645 1926498 1927213 1927287 1927747 1929520 1930912 1931035 2688242 2837959 2838501 2838693 3143153 3146332 3151218 3165511 3165657 3165684 3167671 3780340
libnath 906658
libni 224737 514946 1581978 1582214 1582850
libnites 515231 632820
likhi 1591331
lubim 1720903 1733836 3336565
ludim 31005 1559740 2888852
luhith 2525957 2894102
lysanias 3645280
lystra 3955920 3956036 3958053 3964645 3964815 4284017
maacah 74169 1196356 1222691 1223002 1279152 1279282 1316357 1386302 1387317 1387619 1388917 1506452 1568146 1569330 1590790 1590928 1595744 1601864 1610324 1637915 1638033 1667468 1719839 1719942 1720197 1723424 1732000
maacath 883038
maacathite 1295854 1557803 1573770 2867759
maacathites 693516 879150 882682 883010
maadai 1868894
maadiah 1919914
maai 1923314
maarath 894133
maasai 1598411
maaseiah 1623007 1623308 1758342 1774737 1779750 1811817 1867373 1867655 1867759 1868585 1879089 1899808 1900413 1911983 1915833 1916240 1924226 1924327 2774346 2813191 2813928 2844475 2854022
maath 3648618
maaz 1566239
maaziah 1655965 1911196
machbannai 1612047
machbena 1568282
machir 203757 629023 629065 634102 661524 661664 676759 693629 885337 885394 896244 896804 952501 1219873 1219994 1262409 1565410 1565769 1590711 1591158
machirites 629049
machnadebai 1869131
machpelah 75150 76302 76598 86798 199905 202302
madmannah 892241 1568250
madmenah 2512482
madon 874472 880615
magadan 3475032
magbish 1830952
magdiel 141698 1563455
magir 2863070
magor 2771181
magpiash 1911782
mahalaleel 3649799
mahalalel 15835 15878 16080 16190 16309 1559100 1915783
mahalath 102268 1719633 2161840 2227858
mahanaim 122216 884620 885114 916073 1192331 1192825 1195486 1261939 1262345 1274389 1310957 1323575 1588745
mahaneh 997338 1015290
maharai 1295402 1609360 1666940
mahath 1583572 1785485 1798138
mahavite 1610536
mahazioth 1658198 1660501
mahlah 629589 634209 678672 896908 1591263
mahli 224956 515106 1582096 1582843 1584511 1652294 1652323 1652504 1656725 1656846 1656960 1856977
mahlites 516682 632878
mahol 1325725
mahseiah 2828663 2925922
makaz 1322874
makheloth 664632 664675
makkedah 868953 870079 870188 870757 871952 872082 872189 880429 892897
malcam 1594415
malchi 1109402 1185515 1596128 1602238 1603090
malchiah 2774310 2857272 2858208
malchiel 185484 631198 1592869
malchielites 631226
malchijah 1584030 1598396 1655440 1868085 1868123 1868694 1876942 1877418 1880300 1899872 1911030 1916903 1924388
malchiram 1570589
mallothi 1658180 1660197
malluch 1584349 1868468 1868744 1911070 1912037 1919807
malluchi 1920717
mamre 41816 43747 45352 54004 76317 76613 86868 136784 199921 202395
manaen 3948012
manahath 139813 1561965
manahathites 1568629 1568904
manassites 1484982
maoch 1171947
maon 893923 1155072 1155248 1155321 1159625 1159663 1567894 1567904
maralah 905185
maran 4145050
marcaboth 904464 1574962
mareshah 893072 1567617 1574009 1718378 1728473 1728584 1751869 3315401
maroth 3314889
marsena 1933501
maschil 2120513 2142762 2145004 2147964 2160734 2161850 2162781 2163663 2199822 2206876 2227877 2229790 2325458
masrekah 141106 1562759
massah 273937 711247 724292 825700 2243669
matred 141463 1563129
matrites 1088485
mattan 1488628 1761520 2857173
mattanah 606500 606529
mattaniah 1553197 1598834 1658070 1659457 1747646 1785824 1868181 1868304 1868595 1869003 1917476 1918265 1920167 1921665 1923178 1927819
mattatha 3649170
mattattah 1868807
mattenai 1868797 1869014 1921004
matthan 3408498 3408511
matthat 3648412 3648985
mattithiah 1601170 1623020 1623384 1625582 1657881 1659819 1869278 1899750
mazzaroth 2060602
mearah 881604
mecherathite 1609815
meconah 1919029
medad 560499 560752
medeba 608241 882477 883464 1638104 2525419
medes 1512289 1520083 1934560 2519052 2795260 2917736 2920693 3065283 3200268 3202098 3202900 3203456 3215825
megiddon 3390893
mehida 1832811 1896267
mehir 1572681
meholah 966154 1323281 1410738
meholath 1131544
meholathite 1282715
mehujael 13386 13400
melah 1833461 1896912
melatiah 1876423
melchi 3648449 3648831
melea 3649134
melech 1545199 1596298 1602408 2658184 2858444 2858635 2858995 2859144 2859393 2865257 3374851
memucan 1933514 1933822 1934997
menahem 1503992 1504325 1504573 1504885 1504988 1505221 1505333 1505497
menna 3649152
meon 661397 883565 1577645 2896715 3057022
meonothai 1572944
mephaath 883610 915921 1588637 2896584
mephibosheth 1203027 1220033 1220146 1220870 1221101 1221190 1221295 1221321 1253851 1254521 1272924 1273272 1274009 1282370 1282531
merab 1109477 1131124 1131483 1282658
meraiah 1920619
meraioth 1581033 1581051 1585079 1598264 1850463 1916630 1920788
merarites 632749
merathaim 2911469
meremoth 1859618 1868973 1875925 1878773 1911095 1919852
merib 1596203 1596219 1602313 1602329
meribah 273948 601406 603116 635965 825750 2219069 2243643 2266257
meribath 824465 824926 3163054 3168448
meron 880681
meronothite 1669279 1876460
meroz 953689
mesha 32542 1440936 1594405
meshelemiah 1599804 1660700 1660768 1661575
meshezabel 1876048 1911820 1918545
meshillemith 1598491
meshillemoth 1780866 1917050
meshobab 1575356
meshullam 1539237 1570743 1578236 1595009 1597740 1597871 1598224 1598469 1812827 1856569 1866781 1868457 1876004 1876250 1880210 1891284 1899925 1911159 1911792 1916161 1916590 1920670 1920850 1921700 1922981
meshullemeth 1537951
methushael 13430 13446
meunim 1576249 1745511 1774052 1832645 1896098
mezobaite 1610659
mibhar 1609946
mibsam 87350 1561010 1574476
mibzar 141680 1563425
micaiah 1425426 1425685 1426323 1426489 1426622 1428102 1428218 1428362 1428593 1540726 1735854 1738766 1738949 1739582 1739749 1739882 1741368 1741484 1741628 1741851 1923200 1924246 2849557 2849954
michmas 1830784 1894391
michmash 1096807 1097611 1098644 1099687 1100483 1100709 1101567 1106067 1919352 2512173
michmethath 895445 897570
michri 1597859
michtam 2090581 2166466 2167951 2169425 2170807 2173061
middin 894351
midianites 140981 625288 649530 955243 955420 956821 957628 960585 962132 963251 963983 971438 2221636
migdal 892694 907878
migdol 258431 662920 2880069 2889681 3073496 3076345
migron 1101013 2512162
mijamin 1655461 1868099 1911178 1919905
mikloth 1595877 1595899 1601997 1602014
mikneiah 1623050 1623414
milalai 1923296
milcah 36365 36410 73763 74054 78958 80128 83340 629615 634239 678704 896934
milcom 1234874 1363485 1367890 1545840 1640585 2900564 2901147 3347494
millo 973400 975399 975466 1206249 1356069 1357485 1366854 1492649 1606170 1800748
miniamin 1798550 1920893 1924236
minnith 989664 3064567
mirmah 1594457
mishael 225307 410166 1899860 3170623 3170791 3171589 3172676 3175877
mishal 906606 915181
misham 1594607
mishma 87371 1561027 1574492 1574533
mishmannah 1611879
mishpat 42725
mishraites 1568746
mispar 1829149
mispereth 1892778
misrephoth 875674 881880
missabib 2771187
mithkah 664858 664899
mithnite 1610350
mithredath 1828306 1839543
mitylene 3987468
mizpeh 875713 884590 892731 903839 989099 989126 992491 1147443
mizzah 138584 139112 1561740
mnason 3992705
moabites 64010 687578 690156 946181 1216812 1216969 1362769 1443385 1444335 1444653 1496284 1550731 1594274 1634248 1860661
moadiah 1920906
moladah 892006 904340 1574810 1918900
molid 1566436
morashtite 2800906 3313016
moreh 37685 733592 962016
moresheth 3315237
moserah 726465
moseroth 665014 665056
moza 1567993 1596464 1596483 1602567 1602586
mozah 903864
muppim 185907
mushi 224966 515116 1582106 1584529 1652304 1652497 1656735 1656953
mushites 516699 632906
muthlabben 2081972
naamah 13945 892885 1384603 1386050 1722829
naamathite 1968649 1990010 2011854 2071096
naamites 630563
naarai 1609881
naaran 1592375
nacon 1209168
naggai 3648590
nahalal 905613 915774
nahale 1609547
nahaliel 606541 606560
nahalol 937124
naham 1573707
nahamani 1892749
naharai 1296052 1610006
naharaim 776970 2173128
nahash 1089627 1089749 1089826 1094473 1221631 1262373 1572808 1636633 1636779
nahath 138556 139088 1561713 1582652 1798067
nahbi 565275
naioth 1136348 1136411 1136981 1137037 1137144 1137439
naphath 1323070
naphish 87432 1561084 1579167
naphtuhim 31038 1559785
neah 905482
neariah 1571125 1571176 1576500
neballat 1919505
nebat 1366609 1369736 1371949 1386187 1391685 1395475 1396211 1423183 1432526 1440873 1473877 1484318 1493181 1494661 1501169 1503390 1504776 1505663 1506306 1514881 1546157 1714268 1714633 1716867 1724055
nebushazban 2863093 2864782
nebuzaradan 1555020 1555525 1557082 2864051 2864284 2864552 2864734 2865864 2871632 2878503 2928750 2929109 2929331 2931242 2931784
neco 1820952 1821508 1822984 2887673
necoh 1548944 1549643 1549848 1550238
nedabiah 1570648
nego 3170852 3181759 3184021 3184267 3184434 3184959 3185493 3185704 3186092 3186202 3186799 3186897 3187299 3187664 3187849
nehelamite 2813831 2813866 2814752
nehum 1892797
nehushta 1551729
nehushtan 1519014
neiel 906789
nekoda 1832487 1833691 1895963 1897150
nemuel 626576 627099 1574411
nemuelites 627125
nepheg 225255 1206915 1569816 1619079
nephisim 1832669
nephtoah 889928 902622
nephushesim 1896122
ner 1109625 1109696 1167621 1169314 1192261 1192761 1199504 1199758 1200442 1201909 1310327 1315226 1595817 1596026 1601937 1602137 1664019
neriah 2828644 2829403 2848084 2848858 2850303 2853419 2877861 2878669 2886749 2925903
nethanel 503847 509722 535613 536233 553735 1564723 1623774 1654993 1661061 1735841 1818686 1867778 1921121 1923320
nethaniah 1557678 1558107 1657667 1659172 1735951 2850127 2867612 2869056 2869273 2869688 2869887 2870626 2870881 2871403 2871750 2872001 2872100 2872511 2872750 2873202
netophah 1830476 1894074
netophathite 1295414 1295468 1557759 1609372 1609415 1666952 1667252 2867716
netophathites 1568856 1599074 1922333
neziah 1832948 1896404
nezib 893027
nibhaz 1516628
nibshan 894386
nicanor 3914462
nicolaitans 4404889 4406523
nicopolis 4293229
nimrah 656564 661209 884701
nimrim 2526046 2898432
ninevites 3701550
nisroch 1531204 2594336
nissi 275185
noadiah 1859756 1890578
nobah 661842 661900 968634
nobai 1911765
nogah 1569806 1619069
nohah 1031438 1593826
noph 2534702 2694000 2880100 2889707 2890472 3077558
nophah 608215
nymphas 4244252
obal 32400
obil 1669216
oboth 605430 605476 666369 666408
ochran 504192 511917 541770 542393 555050
oded 1729724 1730672 1780116
ohad 184659 224425
ohel 1570825
oholah 3043733 3043869 3043915
oholiab 332424 352904 353305 353538 363758
oholibah 3043756 3043892 3044907 3046484 3049258 3050379
oholibamah 137258 137474 138688 139258 139343 140103 141631 1563312
olympas 4085644
onam 139841 1561995 1566169 1566289
onesimus 4243324 4294647
onesiphorus 4279034 4287183
ophel 1777673 1808549 1879594 1879822 1918099 3321395
ophni 903729
ophrah 903689 956682 958973 971245 971966 973176 1099819 1572972
oreb 966573 966601 966630 966752 967223 2221821 2511875
ornan 1644259 1644994 1645098 1645198 1645259 1645398 1645601 1645865 1646044 1646506 1686296
ospray 414823 744384
othni 1661324
ozem 1564773 1566066
ozni 627566
oznites 627590
paaneah 162933
paarai 1295941
paddan 88026 101234 101729 101923 102130 116710 128662 134655 136723 185213 193492
padon 1832190 1895724
pagiel 504173 511898 541751 542374 555031
pahath 1829455 1855204 1868546 1876995 1893084 1911574
palal 1879340
palti 564941 1166840
paltiel 671118 1198171
paltite 1295267
parmashta 1958405
parmenas 3914484
parnach 671044
parosh 1829251 1855110 1868055 1879540 1892883 1911566
parshandatha 1958330
paruah 1323759
parvaim 1686943
pasach 1593036
paseah 1572770 1832566 1876238 1896042
pashhur 1598376 1831525 1867740 1895077 1911012 1916883 2770766 2770909 2771091 2771231 2771863 2774290 2857206 2857252
patara 3990690
pathros 2187119 2514761 2880127 3074188 3077690
patrobas 4085515
pazzez 906135
pedahel 671300
pedahzur 504037 511275 539716 540346 554684
pekah 1505708 1506118 1506362 1506652 1506837 1506956 1507733 1507952 1508577 1779494 2497642
pekahiah 1505376 1505476 1505966
pekod 2911523 3046740
pelaiah 1571287 1900456 1911408
pelaliah 1916823
pelatiah 1570913 1576487 1911857 2985379 2987030
peleg 32155 34984 35024 35128 35227 1560396 1560784 3649575
pelet 892065 1568109 1611097 1918918
peleth 1566794
pelethites 1219278 1250488 1277766 1280798 1306930 1308007 1636484
pelonite 1609216 1609840 1666520
peniel 125968 126075
peninnah 1050832 1050846 1051194
penuel 968067 968114 968222 969541 1373755 1571721 1595407
peor 619118 623374 623764 625426 625582 651478 695896 696346 696430 703548 776944 830018 883726 920056 2265879 3254890
perazim 1207513 1207696 1619652 1619857 2560430
peresh 1591002
perezites 628053
perga 3949755 3949877 3958589
perida 1896548
perizzite 47760 211846 213424 299633 340188 345330 767313 839339 1904492
perizzites 40287 133118 712749 863089 874801 879924 899171 928628 933119 933301 942760 1356751 1707407 1860615
peruda 1833095
pethahiah 1655816 1867890 1903786 1918523
pethor 609600 776955
pethuel 3266114
peullethai 1661130
phanuel 3643010
pharpar 1454145
phera 162988 163761 185786
phicol 69333 70531 93560
philetus 4281324
philologus 4085595
phinehas 225707 624004 624492 650062 919323 922704 922936 923240 932521 1028559 1051072 1060477 1064925 1066078 1067009 1067395 1101135 1580832 1580842 1584979 1599691 1850576 1854979 1859695 2266028
phlegon 4085498
phygelus 4278960
pihahiroth 259581
pildash 73943
pileser 1506393 1508952 1509506 1577318 1580363 1782427
pilha 1911940
piltai 1920915
piram 867674
pirathon 993368
pirathonite 993116 1295567 1609515 1667101
pishon 5693
pispah 1593444
pithon 1596287 1602397
pochereth 1833261 1896713
poratha 1958370
porcius 4009930
prochorus 3914448
ptolemais 3991469
puah 185017 206014 981556 1588891
punites 628437
punon 666297 666336
purah 963737 963911
purslain 1977364
puteoli 4026886
puthites 1568709
putiel 225677
puvah 628412
quirinius 3638931
raamah 30428 30464 1559581 3065079
raamiah 1892740
rabbah 692906 884545 894263 1225187 1234397 1234541 1234800 1262383 1640450 1640522 2900724 2901030 3036034 3056148 3280158
rabbim 2474625
rabbith 906048
rabmag 2863081 2864836
raca 3421611
raddai 1564745
raham 1567791
rakem 1591072
rakkath 907746
ramath 884583 1004163
ramathaim 1050609
ramathite 1668758
ramoth 703213 911043 916003 1323358 1424576 1424735 1425088 1426179 1426647 1427517 1428758 1472094 1472611 1473044 1474762 1587868 1588704 1737907 1738016 1738330 1739438 1739907 1740770 1742016 1756379
rapha 1593848
raphah 1596513
raphu 564959
reaiah 1571430 1577251 1832431 1895916
recah 1572837
rechab 1202458 1203053 1203311 1203924 1481779 1483260 1569121 1877440 2844718 2845114 2845995 2846648 2847383
rechabites 2844032 2844277 2844571 2847066
reelaiah 1829120
regem 1568077 3374845
rehabiah 1651946 1652001 1656312 1656337 1663470
rehob 566193 906869 907069 915245 937333 1017921 1217076 1218493 1222599 1222971 1588064 1911440
rehokim 2166447
rehum 1829165 1839694 1839831 1841441 1842329 1878183 1911965 1919845
rekem 883970 903884 1567737 1567825
reken 650373
remaliah 1505726 1506136 1506670 1506974 1507751 1507970 1508591 1779512 2497660 2498389 2498929 2501994
remeth 906091
rephah 1592110
rephaiah 1570948 1576512 1588962 1602620 1876755
rephaim 42491 47779 687526 688739 688752 692858 693395 878974 882859 889807 899190 902781 1207247 1207925 1284296 1284838 1285247 1285430 1293298 1607298 1619411 1641160 1641588 1641747 2529619
rephan 3921729
rephidim 272921 274131 279583 663667 663759
resen 30900
resheph 1592134
reu 35184 35222 35322 35427 1560791 3649559
reubenite 1610237
reumah 74117
rezeph 1527017 2590146
rezin 1507704 1508552 1509421 1832464 1895940 2497613 2498355 2498761 2501984
rezon 1366191 1388470
rhegium 4026806
rhesa 3648742
ribai 1295500 1609457
riblah 669366 1549670 1554718 1557165 1557228 2863575 2863713 2928273 2928448 2931325 2931388 2972128
rimmon 664152 664198 892316 904587 905454 908441 914477 914584 1031625 1031990 1032047 1034309 1202474 1203084 1203967 1455417 1455500 1455546 1575121 1587408 1919081 2512115 3390869 3394777
rimmono 1588335
rinnah 1573825
riphath 30094
rishathaim 943218 943582
rissah 664312 664352
rithmah 664076 664117
rizia 1593512
rizpah 1196824 1282574 1282984 1283299
rodan 3064168
rodanim 1559419
rogel 889549 902893 1260476 1302385
rogelim 1262479 1274165
rohgah 1593139
romamti 1658152 1660580
rosh 185901 2687722 3114832 3114977 3119206
ruhamah 3236971 3237233 3237905
rumah 1550415
sabachthani 3538267 3625294
sabaeans 2624004
sabta 1559536
sabtah 30417
sabteca 30439 1559556
sacar 1609750 1661039
saccuth 3291566
safron 2469980
sahadutha 120905
salecah 692743 879075 882735 1578079
sallai 1916321 1921045
sallu 1597722 1916143 1919981
salmai 1895804
salmone 4019833
salu 625032
samlah 141096 141158 1562749 1562823
sanhedrins 3444377 3608713
sannah 893562
sansannah 892256
saph 1284804
sarai 36325 36442 36534 37441 38330 39143 47885 48008 48147 48236 48480 48780 48997 49101 52164 52212
saraph 1574152
sargon 2536974
sceva 3981283
sebam 656602
secacah 894363
sechel 1856950
secu 1136885
segub 1396761 1565506 1565533
seirah 945919
seled 1566482 1566504
semachiah 1661409
semein 3648659
seneh 1101505
senir 1579892 2469260 3062776
seorim 1655413
sephar 32569
sepharvaim 1515367 1516755 1524424 1527161 2587519 2590291
sepher 890976 891085 934260 934368
serah 631292 909200 931860 1592805
seraiah 1219178 1556646 1557725 1572888 1572984 1575470 1581698 1581711 1829111 1850290 1910975 1916550 1919764 1920610 2852129 2867659 2925883 2926026 2926184 2930805
seredites 628722
serug 35380 35420 35521 35624 1560805 3649541
sethur 565212
shaalabbin 908275
shaalbim 937920 1322884
shaalbonite 1295686 1609625
shaalim 1080571
shaaph 1568129 1568228
shaaraim 892562 1128028 1575017
shaashgaz 1938104
shabbethai 1866795 1900393 1917341
shachia 1594445
shaddai 504143
shage 1609702
shahar 883669 2103366
shaharaim 1594212
shahazimah 906194
shakeh 1521106 1521521 1522821 1523037 1523294 1525035 1525608 1526242 2584431 2584772 2586019 2586226 2586475 2588136 2588701 2589321
shakiph 3135352
shalal 2501402 2501660
shalishah 1080495 1451819
shallecheth 1662504
shallum 1503435 1503829 1504073 1504200 1541245 1567455 1567477 1570417 1574459 1581563 1581585 1590593 1599120 1599180 1599342 1601220 1780901 1814690 1831870 1850358 1867991 1869214 1877089 1895405 2778823 2827683 2844496
shallun 1877610
shalman 3258397
shalmaneser 1511609 1519676
shamgar 946595 951376
shamhuth 1666250
shamlai 1832327
shammah 138571 139103 1117067 1121343 1292754 1295205 1295749 1561728
shammoth 1609183
shammua 564640 1206838 1618974 1917671 1920944
shamsherai 1595449
shapham 1578117
shaphan 1539197 1539964 1540077 1540119 1540364 1540694 1540739 1541179 1557483 1811784 1813409 1813529 1813552 1813845 1814170 1814212 2802250 2810074 2849412 2849598 2849875 2865041 2866827 2867844 2868585 2869995 2878612 2978396
shaphat 564701 1410722 1411190 1442163 1462229 1571137 1578151 1669153
shaphir 3314726
sharar 1295789
sharonite 1669079
sharuhen 904520
shashai 1869144
shashak 1594859 1595427
shaulites 627294
shaveh 42559 44458
shavsha 1636383
shealtiel 1570557 1835493 1836806 1842781 1919741 3356335 3357799 3358227 3358739 3362114 3408258 3408273 3648783
shean 898244 899423 936509 1323202 1323267 1592586
sheariah 1596651 1602764
shebaniah 1623746 1903546 1903771 1911059 1911381 1911487 1920740
sheber 1568194
shebna 1521420 1522789 1524869 1525230 2542377 2584690 2585987 2587971 2588323
shebuel 1651892 1658089 1663353
shecaniah 1571010 1571046 1655557 1798599 1855084 1855305 1864059 1880042 1891196 1919834
shedeur 503708 510235 536980 537605 554135
sheerah 1592017 1592088
shehariah 1595464
shelahites 628013
shelemiah 1662243 1869088 1869182 1880122 1927693 2850149 2852161 2853985 2855489 2857237
sheleph 32310 1560542
shelesh 1593232
shelishiyah 2525900 2898401
shelomi 671226
shelomith 481630 1570771 1652059 1719914 1855775
shelomoth 1651054 1656394 1656420 1663553 1663582 1664121
shelumiel 503738 510385 537640 538272 554212
shemaah 1611058
shemaiah 1373178 1571057 1571083 1575700 1577181 1598692 1598932 1621481 1621807 1654972 1660976 1661202 1661314 1717806 1721028 1721432 1723016 1735938 1785919 1798574 1818673 1856135 1856499 1867679 1868705 1880021 1889711 1911213 1917237 1919940 1920956 1923025 1923157 1923274 1924340 2801565 2813818 2813853 2814739 2814772 2814968 2849807
shemariah 1611360 1719785 1868753 1869193
shemeber 42124
shemed 1594618
shemer 1395168 1395294 1584483
shemesh 889527 890177 902928 906214 907919 908253 913685 937534 937658 1071884 1072310 1072515 1072556 1073042 1073718 1073885 1322902 1499127 1499376 1585852 1771830 1772066 1782104 2879862
shemida 629376 896641 1591296
shemidaites 629403
shemiramoth 1622952 1623265 1625555 1735989
shemuel 670572 1589007
shenazzar 1570615
shenir 692657
shepham 669320 669355
shephatiah 1196473 1569437 1597893 1611374 1667445 1752336 1829326 1833209 1855576 1892958 1896661 1915760 2857150
shepher 664474 664521
shephi 1561984
shepho 139829
shephupham 630359
shephuphan 1593990
sherbin 2668905
sherebiah 1857024 1858081 1900365 1903564 1903752 1911476 1920145 1921491
sheresh 1591036
sheshai 566295 890778 934100
sheshan 1566601 1566626 1566858 1566903 1566971
sheshbazzar 1828396 1828743 1845042 1845252
shethar 1843021 1843540 1846750 1848251 1933466
shihor 881296 906651 1617019 2544267
shikkeron 890284
shilhi 1431045 1751166
shilhim 892294
shillem 186131 631593
shillemites 631620
shiloah 2501958
shilonite 1367185 1371919 1390592 1716833 1915980
shilonites 1597555
shilshah 1593366
shimea 1564695 1569669 1582905 1583961 1641660
shimeah 1235711 1240643 1595925
shimeam 1602040
shimeath 1492715 1767282
shimeathites 1569014
shimeites 515248
shimeon 1868715
shimon 1573807
shimrath 1595224
shimri 1575681 1610474 1661693 1785766
shimrith 1767337
shimron 185034 628500 874498 880673 905625 1588908
shimronites 628527
shimshai 1839722 1839859 1841469 1842339
shinab 42097
shion 906014
shiphi 1575624
shiphmite 1668816
shiphrah 205979
shiphtan 670948
shisha 1322124
shishak 1369101 1385145 1720661 1721137 1721251 1721618 1721779
shitrai 1669067
shiza 1610227
shobab 1206850 1565150 1569680 1618986
shobach 1224240 1224669
shobai 1831988 1895523
shobal 139545 139798 140379 1561789 1561947 1568434 1568561 1571410 1571449
shobek 1911947
shobi 1262355
shoham 1656805
shomer 1492751 1592960 1593123
shophach 1639533 1640019
shophan 661158
shoshannim 2147930 2187721 2216235
shua 147032 148281 1109409 1185522 1569719 1592982 1596135 1602245 1603097
shuah 86106 1561272
shual 892092 904367 1099844 1574828 1593302 1918948
shubael 1656256 1656280 1659745
shuhah 1572655
shuham 630766
shuhamites 630792 630887
shuhite 1968625 1981909 2007156 2025865 2071072
shulammite 2474078 2474167
shumathites 1568726
shunem 905979 1174410 1446393
shuni 185310 627518
shunites 627543
shuphamites 630389
shuppim 1590473
shur 48962 64257 87778 266370 1111014 1172913
shushanchites 1840005
shuthelah 629819 629979 1591382 1591504
shuthelahites 629848
siaha 1832167
sibbecai 1284767 1295347 1609307 1641087 1666655
sibmah 661436 883650 2527728 2527973 2897863
sibraim 3162457
siddim 42239 43044 43239
sidonians 692602
silla 1492674
simeonites 625076 627345 1667433
sinim 2636600
sippai 1641124
sirah 1199978
sirion 692629 1578654 2115589 2765689
sismai 1567418 1567430
sithri 225332
sitnah 92830
sneezings 2068465
socoh 892529 893521 1119401 1119464 1322973
sodi 565021
sopater 3985931
sophereth 1896521
sorek 1005397
sosipater 4086587
sosthenes 3977557 4087480
sotai 1833042 1896498
stephanas 4089288 4144270 4144512
stoneworkers 1206440 1618583 1836430
suah 1593279
sucathites 1569032
sukkiim 1720913
suph 679239
suphah 605943
sychar 3792461
symeon 3649031 3947958 3961045
syntyche 4230099
taanach 880742 898422 914567 936545 953238 1323168 1592616
taanath 895499
tabbaoth 1832109 1895645
tabbath 966165
tabeel 1839555 2498593
taberah 556791 724277
tabrimmon 1388452
tahan 629907 1592178
tahanites 629932
tahash 74158
tahath 664712 664752 1582486 1583707 1591415 1591456
tahpanhes 2694009 2878793 2878859 2879027 2880083
tahpenes 1365552 1365614 1365656
tahrea 1602419
talmai 566307 890801 934123 1196380 1241614 1569354
talmon 1599142 1831917 1895452 1917843 1921711
tanhumeth 1557745 2867679
taphath 1323096
tappuah 880492 892478 893784 895667 897664 897694 897736 1504353 1567725
taralah 903905
tarpelites 1839940
tartak 1516639
tashheth 2167941 2169415 2170797 2202513
tattenai 1842971 1843486 1846700 1848209
tebah 74138 1217798
tebaliah 1661803
tehaphnehes 3078138
tehinnah 1572781
tekel 3200019 3200138
tekoite 1295303 1609263 1666398
tekoites 1876120 1879714
telabib 2961255
telah 1592155
telaim 1110508
telam 1172893
telassar 1527061 2590191
telem 891888 1868003
temah 1832916 1896372
temanites 140868 1562533
temeni 1571992
teresh 1939596 1949148
tertullus 4006357 4006457
textfile 42
thaddaeus 3442904 3554612
thebez 980344 980389 1228295 1228793
theudas 3912713
thunderings 239377 285335
tibhath 1635070
tibni 1394700 1394835 1394879 1394961
tiglath 1506385 1508944 1509498 1577310 1580355 1782419
tikvah 1541265 1866754
tilon 1573847
timna 138431 139751 141598 1561667 1561900 1563241
timnah 148373 148548 148701 890198 894034 908332 997411 997438 997571 998170 998242 1782185
timnite 1002155
tiphsah 1324704
tiras 30042 1559282
tirathites 1568998
tirhakah 1526437 2589533
tirhanah 1568205
tiria 1573226
tishbe 1396858
tishbite 1396845 1422346 1424095 1433051 1434129 1478810
tizite 1610508
toah 1583509
tobijah 1736033 3373732 3374372
tochen 1575133
togarmah 30106 1559345 3064074 3115379
tokhath 1814710
tolad 1574879
tolaites 628399
tophel 679280
trachonitis 3645263
trophimus 3986066 3994966 4287242
tryphaena 4085262
tychicus 3986053 4219385 4243037 4286270 4293182
tzade 2299959
ulai 3211263 3213807
ulam 1591063 1591103 1596760 1596849
ummah 907049
unno 1920257
uphaz 2732987
urijah 1509604 1509763 1510340 1510764
uthai 1597418 1856208
uz 31974 73841 140319 1560220 1562214 1963429 2794719 2950943
uzai 1879358
uzal 32370 1560601
uzzah 1208837 1208917 1209189 1209341 1209535 1209580 1582881
uzzen 1592082
uzzielites 515975 1663327
vaheb 605934
vaizatha 1958436
vaniah 1868965
vophsi 565293
woodworkers 1206424 1491168 1539666 1618600 1764438 1812497 1836447
yireh 72947
zaanan 3314753
zaanannim 907429 948556
zaavan 140257 1562178
zabad 1567131 1567151 1591485 1610174 1767264 1868332 1868818 1869290
zabbai 1868406 1878627
zabbud 1856218
zabdi 851904 855071 855115 855186 1595137 1668806 1917515
zabdiel 1665438 1917175
zabud 1322396
zaccai 1829698 1893333
zacchaeus 3741556 3741920 3742178
zaccur 564660 1574558 1656816 1657645 1659037 1875731 1911468 1923220 1927801
zahab 141490 1563156
zaham 1719800
zair 1470921
zalaph 1880161
zalmon 979779 1295382
zalmonah 666219 666261
zalmunna 967619 967717 967865 968316 968744 968837 969207 969293 969633 970099 970213 2221872
zamzummim 688820
zanoah 892455 893998 1573640 1877202 1919129
zaphnath 162924
zaphon 884726 991129
zarephath 1397686 1397846 3305523 3653144
zarethan 840357 1323232 1340678
zatha 3798771
zattu 1829638 1868277 1893271 1911593
zaza 1566805
zebah 967609 967707 967855 968306 968734 968827 969197 969283 969623 970089 970203 2221862
zebidah 1550379
zebina 1869297
zeboiim 31623 42142 42939 807770 1099969
zebul 976811 977092 977974 978045 978270 978753
zebulonite 992870 992967
zebulunites 628853
zec 3362236 3362394 3362450 3362600 3362812 3362899 3363155 3363358 3363514 3363650 3363798 3363976 3364190 3364292 3364484 3364619 3364815 3365038 3365088 3365255 3365317 3365619 3365698 3365835 3365935 3366084 3366190 3366339 3366432 3366627 3366790 3366909 3367102 3367200 3367325 3367489 3367691 3367782 3367925 3368119 3368191 3368444 3368626 3368836 3368955 3369049 3369281 3369370 3369466 3369598 3369727 3369881 3369935 3370118 3370403 3370534 3370671 3370772 3370870 3370948 3371080 3371301 3371559 3371698 3371843 3371945 3372062 3372265 3372354 3372509 3372657 3372741 3372824 3372920 3373058 3373247 3373451 3373601 3373654 3373835 3373924 3374072 3374317 3374472 3374633 3374795 3374901 3375081 3375144 3375357 3375447 3375651 3375711 3375864 3376049 3376151 3376379 3376517 3376741 3376804 3376929 3377149 3377340 3377439 3377584 3377724 3377882 3378177 3378413 3378518 3378754 3378975 3379159 3379276 3379423 3379588 3379652 3379916 3380048 3380235 3380388 3380654 3380797 3380895 3381028 3381150 3381328 3381435 3381664 3381848 3382040 3382301 3382444 3382587 3382807 3382985 3383193 3383374 3383484 3383684 3383939 3384176 3384294 3384496 3384776 3384948 3385107 3385267 3385464 3385656 3385758 3385849 3386053 3386234 3386315 3386521 3386770 3386966 3387111 3387297 3387442 3387575 3387742 3387947 3388098 3388190 3388502 3388695 3388878 3388995 3389223 3389433 3389572 3389889 3390081 3390307 3390439 3390777 3390903 3391113 3391255 3391338 3391483 3391737 3392015 3392226 3392360 3392515 3392752 3392915 3393189 3393307 3393592 3393698 3393994 3394208 3394271 3394417 3394600 3394708 3395044 3395140 3395404 3395604 3395783 3395931 3396158 3396340 3396485 3396616 3396767
zedad 669114 3162440
zedek 867191 867610 933232 933331 933460
zeeb 966582 966640 966701 966761 967232 2221830
zelek 1296032 1609982
zelophehad 629475 629573 634041 634848 677109 677897 678609 678739 896743 1590870
zelzah 1085304
zemaraim 903634 1723767
zemarite 31367 1560113
zemer 3063242
zemirah 1589891
zenan 892669
zephath 935155
zephi 1561640
zepho 138332 138901
zephon 258468 259605 627439 662881
zephonites 627465
zerah 138564 139096 140756 151231 184857 627230 628067 851922 855204 856139 920626 1561721 1562429 1563916 1564032 1574436 1582298 1584079 1597627 1728367 1918572 3407201
zerahiah 1580992 1581006 1585052 1850492 1855240
zerahites 627255 628092 854981 855032 1666687 1666973
zered 605643 687873 687907 688034
zeredah 966125 1366635 1369853 1691032
zeresh 1948005 1948563 1951161 1951255
zereth 883662 1572082
zeri 1657848
zeror 1079975
zeruah 1366683
zeruiah 1167825 1192875 1193644 1202132 1218991 1241915 1255323 1255509 1262209 1263010 1272469 1272650 1284463 1294133 1296121 1302030 1310242 1313230 1564842 1564867 1605947 1610090 1636198 1664045 1668295
zetham 1651001 1663172
zethan 1590266
ziba 1219502 1219570 1219714 1219828 1220593 1220951 1221008 1221273 1253830 1254043 1254083 1254347 1254488 1254550 1271702 1273981
zibeon 137308 138738 139553 139887 140038 140387 1561800 1562017
zibia 1594395
zibiah 1489375 1762522
zichri 225266 1595126 1595316 1595526 1598873 1663533 1667418 1737128 1758398 1779696 1916390 1920882
ziddim 907720
zidon 31172 31514 197925 875661 906906 937281 982291 1017823 1297345 1327264 1396303 1397700 1559929 1836504 2544164 2544339 2545440 2794938 2802746 2892972 3063191 3070545 3070658 3274969 3380860
zidonians 881640 881905 942386 983311 1014414 1014518 1362800 1363470 1367845 1545776 1647357 3088441
ziha 1832062 1895598 1918110
ziklag 892229 904448 1172529 1172557 1180495 1180574 1180599 1182707 1184679 1187376 1204207 1574933 1610722 1613396 1919014
zillethai 1595168 1613520
zimmah 1582245 1584143 1785691
zimran 86051 1561217
zimri 625014 1392637 1392826 1393195 1393705 1393874 1394177 1394493 1478014 1564039 1596429 1596440 1602532 1602543 2795201
zin 566186 599632 635811 636004 665522 668443 668607 824502 888519 888760
zior 893868
ziph 891878 893941 1153533 1153756 1155006 1167070 1167180 1567665 1573209 1718391
ziphah 1573218
ziphion 185291
ziphites 1154215 1166891 2162809
ziphron 669158
zippor 609078 609523 610583 611329 617799 928287 988352
ziz 1748004
ziza 1575607 1719905
zizah 1651182 1651281
zobah 1109151 1217091 1217434 1218508 1222609 1222958 1295998 1366274 1634349 1634739 1635340 1637926 1706865
zobebah 1572151
zoheleth 1302369
zoheth 1573876 1573899
zophah 1593212 1593271
zophai 1582632
zophim 617168
zorathites 1568777 1571560
zorites 1568922
zuar 503868 509743 535634 536254 553756
zuph 1050750 1080736 1583535
zuphite 1050622
zur 625170 650383 883981 894103 1567932 1595791 1601911 1718331 1878013
zuriel 516901
zurishaddai 503760 510407 537662 538294 554234
zuzim 42529
